cell	trait	Prop._SNPs	Prop._h2	Prop._h2_std_error	Enrichment	Enrichment_std_error	Enrichment_p	Coefficient	Coefficient_std_error	Coefficient_z-score
WM	ADHD	0.10131133895271037	0.10634269666578716	0.009640256542673363	1.0496623355794883	0.09515476394180514	0.6022820121272967	-5.391185703064372e-10	3.0753203649182973e-09	-0.17530484838471783
WM	Drinks Per Week	0.10131133895271037	0.12741094619724422	0.010939766192721679	1.2576178294980043	0.1079816564049962	0.01815026919726244	3.788826462470755e-10	9.97447094915411e-10	0.3798523733022721
WM	Alzheimer Disease	0.10131133895271037	0.3034712027827408	0.0431790038053766	2.995431764300279	0.426201097051254	2.464046497850942e-06	1.8560464377095593e-09	1.0242908875190097e-09	1.8120306060763556
WM	Alzheimer Disease2	0.10131133895271037	0.23877391757414634	0.025892220204387337	2.3568331051828277	0.25557080255817355	1.4485325365980843e-06	5.332204485936338e-10	9.935740786230209e-10	0.5366690416608049
WM	Alzheimer Disease3	0.10131133895271037	0.27090288413643415	0.034828700771149926	2.673964108429017	0.34377890107056136	3.950337759663227e-07	2.8258865798418333e-09	1.304718549914543e-09	2.1658974497043246
WM	Anorexia	0.10131133895271037	0.09093270317689069	0.013805881575839713	0.8975570169824311	0.136271830167835	0.45338006558247546	-8.110459908719879e-09	6.6742460611396775e-09	-1.2151874285760087
WM	AUD_NatMed2023	0.10131133895271037	0.12189368076695427	0.009678349365948077	1.2031593109617398	0.09553076157117706	0.03438553017442273	1.0366270326161754e-09	1.7579629489285241e-09	0.5896751312352733
WM	Autism	0.10131133895271037	0.1401125433869547	0.017542511275422498	1.3829897505584816	0.1731544707311677	0.025733301216006622	1.3322250001971367e-08	6.624340344818146e-09	2.0111059076837177
WM	BMI	0.10131133895271037	0.12343049956883567	0.00678411738058384	1.2183285784669176	0.06696306110168476	0.0010830119504975403	-7.688734765889654e-10	2.496527810363064e-09	-0.30797713263893106
WM	Bipolar Disorder2	0.10131133895271037	0.12887191344112242	0.008987582395503924	1.2720383993866338	0.08871250235572452	0.002511679613571846	-1.7054585633136128e-09	3.216045236174926e-09	-0.5302968204956089
WM	Bipolar Disorder	0.10131133895271037	0.1294355924292028	0.013343162248962372	1.2776022286076008	0.1317045296893236	0.03816826319506574	-6.34409215775356e-09	8.20341530506942e-09	-0.7733476755508326
WM	Alcohol Use Disorder	0.10131133895271037	0.09649656414309538	0.015977193096995877	0.9524754597127335	0.15770389832132845	0.7623534969609047	-2.7834920916729234e-09	2.903658040144229e-09	-0.9586156679574649
WM	epilepsyAll	0.10131133895271037	0.1830498299337401	0.025586586880382386	1.8068049620702697	0.2525540294391487	0.0016133104932305028	7.887491519084055e-09	5.530968283724547e-09	1.4260597990217778
WM	epilepsyFocal	0.10131133895271037	0.16997331207034727	0.055051923696730676	1.677732362709041	0.5433935062533085	0.1691866093479695	2.8998165521835473e-09	6.498280926456518e-09	0.44624364274211265
WM	epilepsy	0.10131133895271037	0.1745742996549467	0.018216663368674255	1.7231467026255933	0.17980873174697004	0.00042902135313397543	3.491182902066967e-08	2.5049811875468643e-08	1.3936962558532797
WM	GSCAN_AgeSmk	0.10131133895271037	0.10633507213020862	0.011460259066675063	1.0495870771172338	0.11311921434603119	0.6605339824475414	-8.686386320322965e-10	1.1471156379854379e-09	-0.7572371984726822
WM	GSCAN_CigDay	0.10131133895271037	0.1178712231151241	0.010898432834655478	1.1634553874580957	0.10757367287133178	0.12484997222540194	-2.0304269685531324e-09	2.2281801208894096e-09	-0.9112490276336631
WM	GSCAN_DrnkWk	0.10131133895271037	0.12802407528471402	0.01124019626463492	1.2636697590629267	0.11094707049406945	0.01876671564332652	7.029784228875982e-11	9.654335054628895e-10	0.07281479448453015
WM	GSCAN_SmkCes	0.10131133895271037	0.09872885993107808	0.007312207085104484	0.974509476941789	0.07217560404090248	0.7243868227768553	-3.3173315346294658e-09	1.2888034381113402e-09	-2.5739623565024043
WM	GSCAN_SmkInit	0.10131133895271037	0.09824697631653498	0.009457541203803991	0.9697530141457733	0.09335126059501136	0.7446305294111003	-7.539736523198899e-10	1.1715156961846544e-09	-0.6435881779265965
WM	Height	0.10131133895271037	0.16589270788856963	0.010583214333278126	1.6374545001917726	0.10446228865081043	4.121118211202426e-09	-1.0151776617886162e-08	1.1116296084484236e-08	-0.9132337372747458
WM	Insomnia	0.10131133895271037	0.11655448863409906	0.011905704365746677	1.1504584762077206	0.11751601043693605	0.2031079110353348	-3.569515381894175e-10	1.2436351337175152e-09	-0.28702271953543657
WM	Intelligence	0.10131133895271037	0.11556211210675872	0.007675133783927021	1.1406631607218247	0.07575789505170377	0.06501270748134283	-9.475489771807024e-10	2.7050489734400883e-09	-0.35028902858482347
WM	mdd2019edinburgh	0.10131133895271037	0.09225444601281464	0.00764753005099792	0.9106033635176487	0.07548543065418964	0.23393145431313847	-1.0427923961346944e-09	9.933714408470973e-10	-1.0497507309506033
WM	Depression_ex23andMe	0.10131133895271037	0.0906544821022305	0.012323976536496393	0.8948108182100502	0.12164459244042684	0.3838779770378419	-1.9429032214857883e-09	1.9173901218014164e-09	-1.013306159969366
WM	Depression	0.10131133895271037	0.09174795870992794	0.006792998913544941	0.9056040484545725	0.06705072683636867	0.15730126759322965	-9.620383082685756e-10	7.823670123968201e-10	-1.2296509093875565
WM	STROKE1	0.10131133895271037	0.1319368772867799	0.023719453485730173	1.3022913195172041	0.23412437078540466	0.19990464711436612	-1.0399392992944232e-09	2.1010056908295856e-09	-0.494972147783094
WM	STROKE2	0.10131133895271037	0.13512797387773892	0.02093455377216537	1.3337892409142211	0.20663584144255664	0.10684763488056136	-9.56516200028969e-11	2.0548427868511605e-09	-0.04654936164214945
WM	OUD_MVP1	0.10131133895271037	0.14440544589268003	0.035505870246796176	1.4253631171539933	0.35046294535076117	0.19882390263659172	1.1385841438136778e-08	1.1574151723782765e-08	0.9837301004738823
WM	OUD_MVP12	0.10131133895271037	0.09182087878709744	0.03259664017103195	0.90632381070353	0.3217472052782488	0.7717018229200991	-6.176434671568882e-09	8.071165780559161e-09	-0.7652469097395973
WM	OUD_MVP2	0.10131133895271037	0.15861116949027204	0.09618523439769239	1.5655816133701266	0.9494024597048242	0.5320453512600689	1.7921763804873216e-08	3.38387009534146e-08	0.5296232804428849
WM	Type_2_Diabetes	0.10131133895271037	0.11940184230324517	0.028327220417938732	1.178563461282246	0.2796056266827268	0.5188614716366022	-5.786175450055787e-09	4.893633020513973e-09	-1.1823885088645392
WM	Parkinson Disease	0.10131133895271037	0.1954213996953758	0.03236573835602045	1.9289193264595357	0.319468074260947	0.0019864594745276107	4.602940605541634e-09	3.717649962304044e-09	1.238131790839427
WM	PTSD	0.10131133895271037	0.03383006305286673	0.06255714786588279	0.3339217841021504	0.6174742976704999	0.23156941831083044	-3.860589875259934e-09	3.6121580684546235e-09	-1.0687765601884627
WM	Schizophrenia	0.10131133895271037	0.1319509208295764	0.00870177176784671	1.3024299371975316	0.08589139041887979	0.0005243115452923978	6.12241821560671e-09	7.542629102029935e-09	0.8117087732656765
WM	Schizophrenia_PGC3	0.10131133895271037	0.1309468107407049	0.008315599204046254	1.2925188048479712	0.08207964962271173	0.00045529545337256566	6.016276660114184e-09	6.1409121698315074e-09	0.9797040722501096
WM	Cigarettes Per Day	0.10131133895271037	0.12197815764431642	0.014752807315017361	1.2039931453403534	0.14561852076502124	0.1668407332861933	-1.15374436052269e-09	2.3116273412693003e-09	-0.4991048253864207
WM	STROKEall	0.10131133895271037	0.13498925489001182	0.02027061049696137	1.3324200063432334	0.20008234721311097	0.10046050451907496	-1.426192360366089e-09	1.2254093078026229e-09	-1.163849785769545
WM	Education Years	0.10131133895271037	0.1171963732415264	0.006251539845434155	1.15679423895711	0.06170622074546088	0.011367608170489783	1.2697302963476055e-09	1.6639555743159766e-09	0.7630794451165379
WM	Neuroticism	0.10131133895271037	0.10175330963447014	0.007807322760911867	1.0043624996602412	0.07706267473728812	0.9548277172541826	-1.2357876321075914e-09	1.8055666643032264e-09	-0.6844320160200152
MSN_3	ADHD	0.1156788470161591	0.1373930278626896	0.010819831624940436	1.1877109031307793	0.09353336330737305	0.0478801428725379	2.31942218395188e-09	3.161252557495908e-09	0.7337035373691058
MSN_3	Drinks Per Week	0.1156788470161591	0.18201230944306337	0.010654997545119702	1.5734277626197137	0.09210843486044872	6.274108142058211e-09	3.6347210941696253e-09	8.498476371806509e-10	4.276909101292233
MSN_3	Alzheimer Disease	0.1156788470161591	0.24210875407348298	0.056947881972292475	2.0929388589053186	0.4922929597002074	0.026768653687208228	1.3189027420718048e-09	1.1759067639242817e-09	1.1216048606356437
MSN_3	Alzheimer Disease2	0.1156788470161591	0.2520890664201338	0.05805929354362922	2.1792148947068917	0.5019006935254028	0.03735384860997733	1.8605367351359828e-09	1.3368358662959906e-09	1.3917465726671632
MSN_3	Alzheimer Disease3	0.1156788470161591	0.20808560459026093	0.03385390738848828	1.7988215646823795	0.2926542601497338	0.003567162432401001	1.4224656141123055e-09	1.1801064697438984e-09	1.2053705750981967
MSN_3	Anorexia	0.1156788470161591	0.14788914887124777	0.014281979943135185	1.278445910258677	0.12346232964389889	0.029199120947902325	9.376289847645501e-09	6.163841870655075e-09	1.5211762476069193
MSN_3	AUD_NatMed2023	0.1156788470161591	0.14515694568024431	0.010477201374050855	1.2548270442215546	0.09057145402380525	0.005816804391718183	2.142803015278493e-09	1.6899438849818764e-09	1.267972880236478
MSN_3	Autism	0.1156788470161591	0.1518536192151359	0.021295298502158944	1.3127172610384297	0.18408982326029077	0.08215298166606663	7.323804134563597e-09	6.767381477866756e-09	1.0822212636477881
MSN_3	BMI	0.1156788470161591	0.14954047085048897	0.007739937148287737	1.292720965913498	0.06690883725013744	1.5052799066442635e-05	3.837187979824903e-09	2.7701606788516723e-09	1.3851860684902764
MSN_3	Bipolar Disorder2	0.1156788470161591	0.17180679367350488	0.009323226312367932	1.4852049281707078	0.08059577487892472	2.1942049021604147e-09	8.4956193383106e-09	3.0389460097457598e-09	2.795580872797852
MSN_3	Bipolar Disorder	0.1156788470161591	0.18654138817583207	0.014015699054618129	1.6125799399588951	0.12116043180012233	1.4830456387021415e-07	2.0491074766464234e-08	7.141750974425797e-09	2.8691948010847206
MSN_3	Alcohol Use Disorder	0.1156788470161591	0.17167116402891594	0.01756521242367843	1.4840324610508548	0.15184463604849688	0.0017265028799083632	6.898055852421879e-09	2.7964813344053424e-09	2.4666911835078333
MSN_3	epilepsyAll	0.1156788470161591	0.16838285550452559	0.024987876390566523	1.4556062741618119	0.21601076631647256	0.026804460620414184	3.249294610376053e-09	4.4279652756764585e-09	0.733812125452962
MSN_3	epilepsyFocal	0.1156788470161591	0.1429498727982568	0.04263917295396491	1.2357477316340144	0.3685995672831064	0.5210646061899862	1.3144373525725444e-10	4.913725912970708e-09	0.026750318919963337
MSN_3	epilepsy	0.1156788470161591	0.1830686231256163	0.017781038744539443	1.5825591959785317	0.15371037318564923	2.8560335076964437e-05	3.1705985200565125e-08	1.581488654725448e-08	2.0048190106093045
MSN_3	GSCAN_AgeSmk	0.1156788470161591	0.15028729682108388	0.01288247280751103	1.2991769947369058	0.11136411833108507	0.007659251797220348	1.4628919837883508e-09	1.0505629292344666e-09	1.3924839179832318
MSN_3	GSCAN_CigDay	0.1156788470161591	0.1463985121539425	0.014489294164697266	1.2655599180850428	0.12525448289325763	0.032041215753166576	8.423872134025463e-10	2.044738879323876e-09	0.4119778921018485
MSN_3	GSCAN_DrnkWk	0.1156788470161591	0.18994966666974722	0.012652513871144546	1.6420432219834735	0.10937621006351425	2.7378943268054e-08	4.043359594577523e-09	9.415337974894123e-10	4.29443914319283
MSN_3	GSCAN_SmkCes	0.1156788470161591	0.15490724497374975	0.0091276078824199	1.339114703936415	0.07890472733657927	2.8168265416550895e-05	2.171957834427408e-09	1.158628764046336e-09	1.8745934002554654
MSN_3	GSCAN_SmkInit	0.1156788470161591	0.1430013011292811	0.009341738924120675	1.2361923101576673	0.0807558094248271	0.00353493771897522	1.7793897108539893e-09	1.021141564774111e-09	1.7425494879817296
MSN_3	Height	0.1156788470161591	0.15185814845789336	0.012021831096938274	1.3127564146337005	0.10392419536528534	0.0034965599117645334	-3.213648142537809e-09	1.1221803731930002e-08	-0.286375365253791
MSN_3	Insomnia	0.1156788470161591	0.1426959212921915	0.010809583748668134	1.2335524166510614	0.09344477428235562	0.012762094787563683	6.657373695579766e-10	9.91353217586101e-10	0.6715440649691097
MSN_3	Intelligence	0.1156788470161591	0.16436987208028608	0.008472154467721519	1.420915546100882	0.0732385797944377	5.322428165887701e-08	8.85252387512736e-09	2.5693540969888646e-09	3.4454277382405207
MSN_3	mdd2019edinburgh	0.1156788470161591	0.15034823731880087	0.011511375852548321	1.29970380235376	0.09951150231416384	0.003785548829266534	2.585942767630103e-09	1.3148932078082235e-09	1.9666561149407515
MSN_3	Depression_ex23andMe	0.1156788470161591	0.1578429605367564	0.01565854537081414	1.3644928576674646	0.1353622185448201	0.008380440510264976	4.123713430196237e-09	2.2246555190296348e-09	1.8536413367921998
MSN_3	Depression	0.1156788470161591	0.14908790032774763	0.01060384394070818	1.2888086644477157	0.09166623124474033	0.0021608669478867973	2.3026439034099832e-09	1.0869894441747555e-09	2.1183682286428778
MSN_3	STROKE1	0.1156788470161591	0.15305259872278204	0.021068751145286484	1.32308198664361	0.18213140681064538	0.07789400352618328	1.1399221261927003e-09	1.7042356789651639e-09	0.6688758721944358
MSN_3	STROKE2	0.1156788470161591	0.1466765919590312	0.018390673227726338	1.2679638131121937	0.1589804333471387	0.09140497486293092	8.944984779892561e-10	1.6326977183983336e-09	0.5478653322715202
MSN_3	OUD_MVP1	0.1156788470161591	0.11323503899659518	0.03464944678801637	0.9788742014413184	0.29953139819224	0.9438023440911678	-4.648055364357653e-09	1.0794195627222545e-08	-0.4306069229128511
MSN_3	OUD_MVP12	0.1156788470161591	0.12438479724141518	0.033648650134326816	1.075259655933811	0.2908798886076938	0.7956163687379931	-1.2757859485571428e-09	7.484562496286619e-09	-0.17045564776700167
MSN_3	OUD_MVP2	0.1156788470161591	0.3513159847264926	0.17574414862446555	3.0369941764497144	1.5192418766061522	0.02879677467988069	6.621899603568251e-08	3.2017587286661314e-08	2.0682069339831135
MSN_3	Type_2_Diabetes	0.1156788470161591	0.1383189254261821	0.02698309959121024	1.195714938331469	0.2332587183155533	0.4049800649530261	-8.216224653478644e-11	4.359010233637284e-09	-0.018848830842552962
MSN_3	Parkinson Disease	0.1156788470161591	0.171911254930604	0.027203634331787012	1.486107956336994	0.23516515796519785	0.02956499227418355	9.799676853733643e-10	2.8175413437187703e-09	0.3478095139785742
MSN_3	PTSD	0.1156788470161591	0.07292026166431798	0.05917190830047428	0.630368157577952	0.5115188284354926	0.4577694964432186	-2.506419365061578e-09	3.246769047691676e-09	-0.7719734074844475
MSN_3	Schizophrenia	0.1156788470161591	0.16410140494917266	0.009152544148735453	1.4185947490144801	0.07912029195326385	1.8483813322618939e-07	1.6261227320654456e-08	6.875270514517112e-09	2.3651763645254285
MSN_3	Schizophrenia_PGC3	0.1156788470161591	0.16103713945069792	0.008398857065086763	1.3921053295785595	0.07260495139542264	7.787909371421613e-08	1.2814758759567488e-08	5.500620537821574e-09	2.3296932903214866
MSN_3	Cigarettes Per Day	0.1156788470161591	0.14210009711741645	0.01664225039736676	1.2284017413967359	0.1438659774594919	0.09844795864544048	5.988561236332657e-11	1.9270805901599042e-09	0.03107582146232785
MSN_3	STROKEall	0.1156788470161591	0.1593008128680912	0.017619488592057978	1.3770954411901994	0.1523138330519211	0.013182053516783055	8.122566918458273e-10	9.51774537778823e-10	0.8534129246001982
MSN_3	Education Years	0.1156788470161591	0.14796456550381806	0.0068578609969740315	1.2790978586011408	0.059283621628905596	7.1613294132548995e-06	3.3348255658288136e-09	1.588639914206058e-09	2.0991701996203673
MSN_3	Neuroticism	0.1156788470161591	0.1594086712979091	0.008987990845804445	1.378027836633273	0.07769779071664605	3.0937346002267247e-06	5.8370357680330265e-09	1.7416560950226336e-09	3.351428439124299
D1_islands	ADHD	0.11540658452492208	0.16073365640155285	0.010678620959190952	1.392759841764855	0.09253043059154828	4.937100922757298e-05	7.651504897897223e-09	3.059304920846418e-09	2.501059912583111
D1_islands	Drinks Per Week	0.11540658452492208	0.1461568919088283	0.009615566762150593	1.2664519317549483	0.08331904805721123	0.0014556459524888374	2.58657952172317e-10	7.74823939214446e-10	0.3338280338041142
D1_islands	Alzheimer Disease	0.11540658452492208	0.11741158797529345	0.03436243446545452	1.0173733886902994	0.2977510737962611	0.9532795235268139	-1.9587898229963125e-09	1.0918301974918486e-09	-1.7940425420509918
D1_islands	Alzheimer Disease2	0.11540658452492208	0.12647287369173957	0.028458347042473017	1.0958895821444894	0.24659205676715465	0.6674396566028693	-1.5282628394963077e-09	1.0448188182786903e-09	-1.462706081437237
D1_islands	Alzheimer Disease3	0.11540658452492208	0.14268976340231537	0.02214514566662541	1.2364092048101596	0.1918880604411541	0.2316204286100283	-1.5485088175523961e-09	1.0946724245026937e-09	-1.4145864853185453
D1_islands	Anorexia	0.11540658452492208	0.1551018249473282	0.01544537959221241	1.343959927293697	0.13383447448682598	0.013302173698954672	9.710863761438115e-09	6.485399345205596e-09	1.497342452568781
D1_islands	AUD_NatMed2023	0.11540658452492208	0.15400201687222875	0.009434481756261003	1.334430071786519	0.08174994342912578	2.808571826072479e-05	2.7181221072854768e-09	1.4217080269034599e-09	1.9118708313166533
D1_islands	Autism	0.11540658452492208	0.1336202786505969	0.018588851521788047	1.1578219665771459	0.16107271173746399	0.34209345104797895	-8.764618236142972e-10	6.186817351979243e-09	-0.1416660253165395
D1_islands	BMI	0.11540658452492208	0.14828498966214906	0.006981663258415714	1.2848919346549665	0.06049622980487757	3.004247117232549e-06	1.1733028418827581e-09	2.4852202776378797e-09	0.4721122117182884
D1_islands	Bipolar Disorder2	0.11540658452492208	0.17233936499561814	0.010769325040265992	1.4933235023379572	0.09331638298281285	1.8620931206222163e-07	6.742155283780151e-09	3.5463056413710766e-09	1.9011771588794844
D1_islands	Bipolar Disorder	0.11540658452492208	0.18728979503743273	0.01432664933118126	1.6228692306285821	0.12414065791963036	3.3855699637017276e-07	1.761603364719081e-08	7.4566303187279e-09	2.362465737767204
D1_islands	Alcohol Use Disorder	0.11540658452492208	0.1365597968440918	0.016864764648994248	1.183292941267157	0.14613346992651272	0.2162379815296939	3.4525000365765533e-10	2.6433774024391464e-09	0.13060942540368237
D1_islands	epilepsyAll	0.11540658452492208	0.15110270007900128	0.024666365118923218	1.3093074429073899	0.21373446948858027	0.14229776757652926	4.875747465050418e-10	4.560938844499733e-09	0.1069022767303782
D1_islands	epilepsyFocal	0.11540658452492208	0.11423465940382198	0.040881892306511854	0.9898452490737474	0.35424228586960216	0.9770164090395234	-2.920686115940971e-09	4.7481826286883e-09	-0.6151166339504972
D1_islands	epilepsy	0.11540658452492208	0.17059007724821246	0.019175238327436325	1.4781658945237521	0.16615376329151677	0.001875599851317293	1.667530307351927e-08	1.7566339355078917e-08	0.9492759268992476
D1_islands	GSCAN_AgeSmk	0.11540658452492208	0.1569272680828011	0.013658957247877225	1.359777422829047	0.1183550947643509	0.0027968323960468775	1.6802048977990384e-09	1.129274470109383e-09	1.4878622888165456
D1_islands	GSCAN_CigDay	0.11540658452492208	0.15756422406987128	0.013275397186305184	1.3652966571924259	0.11503154036621159	0.0018301614836769844	1.6983734443795034e-09	1.9315522359132427e-09	0.8792790652003818
D1_islands	GSCAN_DrnkWk	0.11540658452492208	0.15083868708002973	0.010603261883003255	1.30701976582156	0.09187744292626109	0.0008585438669761461	5.018799434306388e-10	7.749902263206455e-10	0.6475951907333994
D1_islands	GSCAN_SmkCes	0.11540658452492208	0.14730653207601574	0.009989136973251735	1.2764135831799515	0.08655604023264876	0.0019367686246806008	6.548683031320944e-10	1.2758723718224872e-09	0.5132710117365928
D1_islands	GSCAN_SmkInit	0.11540658452492208	0.1587569876574225	0.008554232145537289	1.3756319737816942	0.07412256571625686	7.3982073137594e-07	2.7420499170702525e-09	9.430796679158643e-10	2.9075485458508274
D1_islands	Height	0.11540658452492208	0.1496745951169161	0.01083831818714798	1.2969328893412821	0.0939142097633731	0.0015436275549632235	-1.1616248605144437e-08	9.56176154443908e-09	-1.2148649128256293
D1_islands	Insomnia	0.11540658452492208	0.13907271221591938	0.011521098012138114	1.2050673953173494	0.0998305084546552	0.03943409599519791	-2.3353940206895135e-10	1.0790316487390863e-09	-0.21643424670801478
D1_islands	Intelligence	0.11540658452492208	0.1624046258512588	0.008394690278255918	1.4072388202094959	0.07274013274730509	5.357922888817874e-08	6.596346329479528e-09	2.62974498924962e-09	2.5083596913181117
D1_islands	mdd2019edinburgh	0.11540658452492208	0.1568989792665737	0.009991682649834714	1.3595322997596495	0.08657809856314573	4.7681522537471497e-05	2.740272652930052e-09	1.1541571669484743e-09	2.3742629958926447
D1_islands	Depression_ex23andMe	0.11540658452492208	0.1430573367172786	0.013304646787552723	1.2395942337794887	0.11528498865400164	0.040423441914469324	1.1847328397575593e-09	1.8866523753317158e-09	0.6279550251271153
D1_islands	Depression	0.11540658452492208	0.14967878013925853	0.00903696107736316	1.2969691526304148	0.07830542004656264	0.0001785522985687976	1.7381329111434953e-09	9.250563339319523e-10	1.878948175788993
D1_islands	STROKE1	0.11540658452492208	0.12665900229481242	0.021740702882728648	1.0975023896271738	0.18838355690210845	0.6083381547922027	-1.4376458172503725e-09	1.693081839510813e-09	-0.849129548082422
D1_islands	STROKE2	0.11540658452492208	0.13198906868948276	0.018920503505459978	1.1436875047712696	0.16394648176572707	0.3873498002842506	-7.754310543529319e-10	1.6363312959881174e-09	-0.4738838988498835
D1_islands	OUD_MVP1	0.11540658452492208	0.11355939917503971	0.030089490571590025	0.9839941078103436	0.2607259429386561	0.9510014750172648	-6.028347002727004e-09	9.215741173606278e-09	-0.6541358843705468
D1_islands	OUD_MVP12	0.11540658452492208	0.13954248752548154	0.036499114969519304	1.2091380062924166	0.31626544637613213	0.5096268540896638	2.1298989212482336e-10	8.2069722994295e-09	0.025952310347097083
D1_islands	OUD_MVP2	0.11540658452492208	0.2924783871921871	0.1450510236860918	2.5343301545244703	1.256869564966356	0.07718461819372831	4.890313842627466e-08	3.0590591605067746e-08	1.598633300644411
D1_islands	Type_2_Diabetes	0.11540658452492208	0.1367971404906556	0.02693060268106978	1.1853495279648816	0.23335412612660855	0.429693107917575	-2.099742286132984e-09	4.286296556613996e-09	-0.48987331100386977
D1_islands	Parkinson Disease	0.11540658452492208	0.11451422436482692	0.025974448480402666	0.9922676841727132	0.22506903386256508	0.9724700479219435	-5.593665278242667e-09	2.5752669534911383e-09	-2.1720720139943794
D1_islands	PTSD	0.11540658452492208	0.10777472315344194	0.0558058206267395	0.9338697925868169	0.4835583762960095	0.8904743520969285	-1.118045479618335e-09	3.0453424253728278e-09	-0.36713292741832065
D1_islands	Schizophrenia	0.11540658452492208	0.16331275374742155	0.007878632228312138	1.4151077637355616	0.0682684810467703	6.448929643046248e-09	1.1728390940589999e-08	6.017800661840803e-09	1.948949724267265
D1_islands	Schizophrenia_PGC3	0.11540658452492208	0.16324479214490037	0.008480651633219725	1.4145188753042737	0.07348498933688075	3.3416080942947675e-08	1.0628707771502058e-08	5.448362658916563e-09	1.9508076897391473
D1_islands	Cigarettes Per Day	0.11540658452492208	0.15473288929540036	0.01550305867333859	1.3407630936516082	0.13433426469692203	0.009037958405552451	9.1572476409315e-10	1.8356367429989527e-09	0.4988594652976351
D1_islands	STROKEall	0.11540658452492208	0.14646956730829447	0.019883820913071035	1.2691612693612324	0.1722936433386703	0.12199613105433366	-1.9026609118179468e-10	1.0728906346104069e-09	-0.17733968872874448
D1_islands	Education Years	0.11540658452492208	0.16588113297490298	0.007348987959026965	1.4373628130297964	0.06367910452665679	1.1649225189958607e-10	6.229804984886579e-09	1.7235815009533253e-09	3.6144533817755815
D1_islands	Neuroticism	0.11540658452492208	0.15084549760593774	0.008043877517046374	1.3070787791433391	0.06970033425873803	1.184839451519291e-05	2.996725900105358e-09	1.5716602375146713e-09	1.9067262940011767
Endothelial_Ependymal	ADHD	0.10293149369107585	0.09435016688232495	0.009854214202191965	0.9166306977482938	0.09573565726896979	0.3816221699544382	-8.34419531221222e-10	3.0679032491429994e-09	-0.2719836525008773
Endothelial_Ependymal	Drinks Per Week	0.10293149369107585	0.12711400900476588	0.01105943153219272	1.2349379616142369	0.10744458411713083	0.03339388244085068	8.24647881214347e-10	9.291612956634959e-10	0.8875185450180445
Endothelial_Ependymal	Alzheimer Disease	0.10293149369107585	0.3258256894366521	0.07028591151853417	3.165461587631669	0.6828416551447358	0.0016790407921161868	2.069087641260776e-09	1.249507846266639e-09	1.6559220875986742
Endothelial_Ependymal	Alzheimer Disease2	0.10293149369107585	0.3071782553138424	0.0652118596585385	2.9842980442483826	0.6335462288564103	0.01035529487164439	2.0996536822955512e-09	1.293885685457219e-09	1.6227505303558551
Endothelial_Ependymal	Alzheimer Disease3	0.10293149369107585	0.26139119357485896	0.036390232125299106	2.539467603174611	0.35353836634796776	1.0695310568806656e-05	1.4768438252927442e-09	1.338703248932904e-09	1.1031898417143258
Endothelial_Ependymal	Anorexia	0.10293149369107585	0.08351821233217156	0.014592837145495927	0.8113960979020806	0.14177232470066764	0.17470621467873798	-6.540674031348468e-09	6.340415977876904e-09	-1.0315843714624258
Endothelial_Ependymal	AUD_NatMed2023	0.10293149369107585	0.11437526350996333	0.010947870906632694	1.1111785072626383	0.10636075037918034	0.29773071047611427	2.0305664062027146e-10	1.7117749316499735e-09	0.11862344567959406
Endothelial_Ependymal	Autism	0.10293149369107585	0.0811809706096894	0.01880548202670602	0.7886893281985646	0.18269901030627378	0.2320968882612443	-6.6701654022575026e-09	6.639775524511065e-09	-1.0045769435479033
Endothelial_Ependymal	BMI	0.10293149369107585	0.10404958206143286	0.006401767230282932	1.010862451619644	0.0621944460409396	0.8609669454813855	-5.8492915852845705e-09	2.2821567234848538e-09	-2.5630542920613713
Endothelial_Ependymal	Bipolar Disorder2	0.10293149369107585	0.09909682297073227	0.00860594510273754	0.9627454087875921	0.08360847389008282	0.6556600295728319	-1.007065874169287e-08	3.3321182497460615e-09	-3.02229932640006
Endothelial_Ependymal	Bipolar Disorder	0.10293149369107585	0.08925751175292254	0.011644268969628817	0.8671545369856142	0.11312639651938107	0.2388507482459372	-2.497094897122055e-08	7.590288715198952e-09	-3.289854959168839
Endothelial_Ependymal	Alcohol Use Disorder	0.10293149369107585	0.12409352426103173	0.016210307724128143	1.2055933496260012	0.15748637411965952	0.19148093569853195	2.716688200055365e-09	2.7669509409347177e-09	0.9818346107494147
Endothelial_Ependymal	epilepsyAll	0.10293149369107585	0.17789662536297	0.027601240989011296	1.728301212618987	0.2681515637172214	0.0031200478980210793	4.716073212346103e-09	5.4181503436538555e-09	0.8704212532363415
Endothelial_Ependymal	epilepsyFocal	0.10293149369107585	0.2516353311559127	0.07505618709793288	2.444687453104836	0.7291858342520122	0.0029394668330298933	1.132800467230607e-08	6.5889544621742175e-09	1.7192416091714897
Endothelial_Ependymal	epilepsy	0.10293149369107585	0.13468542632404323	0.015408111204103108	1.3084957916599285	0.14969287485856225	0.03500135083821661	-8.046801930362706e-09	1.615796875162613e-08	-0.49800826168529877
Endothelial_Ependymal	GSCAN_AgeSmk	0.10293149369107585	0.10807655363673702	0.012068914280854229	1.0499852840094095	0.11725191045100516	0.6699583461966601	-5.564743862299236e-11	1.1143531060760284e-09	-0.049936988840946196
Endothelial_Ependymal	GSCAN_CigDay	0.10293149369107585	0.09324972137779519	0.009966350944513975	0.9059396500905916	0.09682508809622041	0.3214308635392065	-4.615356405701656e-09	1.520327177414434e-09	-3.035765244656632
Endothelial_Ependymal	GSCAN_DrnkWk	0.10293149369107585	0.1212294719176919	0.011754711767361557	1.1777685096218757	0.11419937033693983	0.12543836129368272	1.8250969526615773e-10	8.957067662086718e-10	0.20376054100683064
Endothelial_Ependymal	GSCAN_SmkCes	0.10293149369107585	0.11088630267199026	0.008774041692119478	1.0772825565398756	0.08524156579766205	0.36504124423708284	-1.2368103522832244e-09	1.213143662232467e-09	-1.0195085634022973
Endothelial_Ependymal	GSCAN_SmkInit	0.10293149369107585	0.07709161714203565	0.007973236176228724	0.7489604432770365	0.07746158041928816	0.0012570324374991794	-1.9508030414536105e-09	9.607920619348346e-10	-2.0304112812142727
Endothelial_Ependymal	Height	0.10293149369107585	0.20549303812729647	0.01547038837956449	1.9964058691699789	0.15029791004486096	3.762088557097387e-09	2.8604131154243523e-08	1.5914603749161853e-08	1.797351137677554
Endothelial_Ependymal	Insomnia	0.10293149369107585	0.09075656066104337	0.012044870810231059	0.8817180962459108	0.11701832333630409	0.3107338983559186	-2.243641097640086e-09	1.2199903952030381e-09	-1.8390645585916154
Endothelial_Ependymal	Intelligence	0.10293149369107585	0.08997094911480519	0.007273774968570666	0.8740857233144929	0.07066617521748159	0.07547374197722984	-6.465599927808721e-09	2.3919027097343318e-09	-2.7031199477703063
Endothelial_Ependymal	mdd2019edinburgh	0.10293149369107585	0.06629761013770946	0.008655685709147216	0.6440945114105291	0.08409171380651657	2.4825947094562776e-05	-3.4484265597527332e-09	1.044653563535856e-09	-3.301024071636522
Endothelial_Ependymal	Depression_ex23andMe	0.10293149369107585	0.08676685855803111	0.013662060839169802	0.842957344216154	0.13272964715904342	0.230912109614822	-1.2368147463458083e-09	2.1652452858902624e-09	-0.5712123030150275
Endothelial_Ependymal	Depression	0.10293149369107585	0.06672028132147957	0.007006600185930741	0.6482008463000106	0.06807051889249144	4.4780651359346293e-07	-2.881445012035603e-09	7.432721553124567e-10	-3.8767024856787504
Endothelial_Ependymal	STROKE1	0.10293149369107585	0.18866050355546304	0.026126355224381476	1.8328744370666787	0.25382275421741624	0.0006012460395157647	3.718866947566741e-09	2.2182504796233792e-09	1.676486484158516
Endothelial_Ependymal	STROKE2	0.10293149369107585	0.1711681019923335	0.02290212630354405	1.6629322654740972	0.22249872689382397	0.002296382739716898	3.0517466300089753e-09	2.2448056494632178e-09	1.3594703090393214
Endothelial_Ependymal	OUD_MVP1	0.10293149369107585	0.11273486325360092	0.03590875889254319	1.0952416914491452	0.3488607578193192	0.7845035911306668	2.737814356339899e-11	1.2267246483579966e-08	0.0022318083850394106
Endothelial_Ependymal	OUD_MVP12	0.10293149369107585	0.07710950167454537	0.03581149891674871	0.7491341950790205	0.3479158577473705	0.4658801445751064	-1.0560703538197271e-08	8.74425393971734e-09	-1.207730655010992
Endothelial_Ependymal	OUD_MVP2	0.10293149369107585	0.037042709899065274	0.11170015357082144	0.35987731811451285	1.0851892804165713	0.5140659142149611	-2.713366839096821e-08	3.6554698663446075e-08	-0.7422758053837085
Endothelial_Ependymal	Type_2_Diabetes	0.10293149369107585	0.11878765064208081	0.03277859127553276	1.1540457286920698	0.31845055483125334	0.6301385091848266	-5.749506618771227e-09	5.847614031570152e-09	-0.9832226593155325
Endothelial_Ependymal	Parkinson Disease	0.10293149369107585	0.1357782489193235	0.02456812346296564	1.3191127812332084	0.23868422172810355	0.16951710252080912	-3.150756136124906e-09	2.9249615226683477e-09	-1.0771957551258906
Endothelial_Ependymal	PTSD	0.10293149369107585	0.10270081037278822	0.05487171094767853	0.9977588655326428	0.53308962087311	0.9966530912802665	1.0647238717690725e-09	3.510659985407528e-09	0.3032831080750408
Endothelial_Ependymal	Schizophrenia	0.10293149369107585	0.09060544413349052	0.008183719013136241	0.8802499690271763	0.07950646317926473	0.13168433101401697	-2.162675279238003e-08	6.635399370531904e-09	-3.2592993405077277
Endothelial_Ependymal	Schizophrenia_PGC3	0.10293149369107585	0.08983082663082466	0.00840672415004958	0.872724405422798	0.08167300258247823	0.11889173652049874	-1.7720088061695154e-08	6.084342479122859e-09	-2.912408057649271
Endothelial_Ependymal	Cigarettes Per Day	0.10293149369107585	0.09556538776117601	0.011750481661285686	0.9284368110696282	0.11415827401234392	0.5215586559889525	-3.524706999633425e-09	1.4954847091934327e-09	-2.3568993905223032
Endothelial_Ependymal	STROKEall	0.10293149369107585	0.19334744152779043	0.022031065914464073	1.8784089746922	0.21403620140386795	3.212813512041518e-05	1.5141722517305816e-09	1.274006499506524e-09	1.1885121875885907
Endothelial_Ependymal	Education Years	0.10293149369107585	0.09939311910271345	0.0070519938856448035	0.9656239848322615	0.06851152774300225	0.6164304105672173	-8.652597042790329e-10	1.6961746205777752e-09	-0.5101241899164225
Endothelial_Ependymal	Neuroticism	0.10293149369107585	0.08528117511601804	0.007089411495165309	0.8285236331260187	0.06887504728574595	0.014299962186427673	-3.1328707454510393e-09	1.5769193337889555e-09	-1.986703237332698
Inhibitory	ADHD	0.11256066144184378	0.14188522099505224	0.010345433245797514	1.2605222746346374	0.09190984766149977	0.005766240073700311	4.731064967445236e-09	3.0893453875065846e-09	1.531413414174349
Inhibitory	Drinks Per Week	0.11256066144184378	0.1475742266225306	0.01164561751061354	1.311063960820603	0.1034608126981417	0.0031446581034551557	8.324632461055516e-10	9.29106332467648e-10	0.8959827492452684
Inhibitory	Alzheimer Disease	0.11256066144184378	0.28598818673044984	0.08919391446911766	2.5407472119219032	0.7924075189910028	0.0506647711670677	1.991187844260514e-09	1.7587732785365186e-09	1.1321458362827688
Inhibitory	Alzheimer Disease2	0.11256066144184378	0.2612328902314635	0.0922973797361886	2.320818720192343	0.8199790100191928	0.1285624835089252	1.8489316191085606e-09	1.984604662423784e-09	0.9316372444930534
Inhibitory	Alzheimer Disease3	0.11256066144184378	0.21536841491334136	0.04681261735563974	1.9133542052310595	0.41588790218531374	0.018915380885826623	1.22668567815229e-09	1.498150817681582e-09	0.8187998589158135
Inhibitory	Anorexia	0.11256066144184378	0.1140808194840143	0.013068484298856264	1.0135052337352863	0.11610170135334805	0.9074489708821023	-4.254771748867508e-09	5.696507556004786e-09	-0.7469088221225091
Inhibitory	AUD_NatMed2023	0.11256066144184378	0.15676520312383138	0.010004392513374998	1.3927175010856396	0.08888000821267315	1.3540795815875537e-05	4.027610528682415e-09	1.4873218822810455e-09	2.7079615896630465
Inhibitory	Autism	0.11256066144184378	0.14225765273574506	0.018112968528988076	1.2638309948919828	0.16091739597982394	0.09598736852085986	4.0151372106341295e-09	6.008918350206856e-09	0.6681963336206606
Inhibitory	BMI	0.11256066144184378	0.1554409786886228	0.009942744412918363	1.3809529608080156	0.08833232041778145	3.9966384478599914e-05	6.094666351773187e-09	4.011863211940527e-09	1.5191610555498511
Inhibitory	Bipolar Disorder2	0.11256066144184378	0.1727331439535908	0.010505483900862356	1.5345782597664999	0.09333175344114497	3.771233042311983e-08	9.51944704091445e-09	3.4787576430660404e-09	2.7364501979288165
Inhibitory	Bipolar Disorder	0.11256066144184378	0.19745349114460473	0.01571768579379379	1.754196258402605	0.13963746829894544	6.110686781288741e-08	2.828879154341444e-08	8.358316542975189e-09	3.384508279623601
Inhibitory	Alcohol Use Disorder	0.11256066144184378	0.15303286146917397	0.017311258115008627	1.359559010305219	0.15379492171830172	0.019152285307531717	3.79004930028032e-09	2.714672535653813e-09	1.3961349851603775
Inhibitory	epilepsyAll	0.11256066144184378	0.14425080448463537	0.025423302578028713	1.2815383512930474	0.22586312351375137	0.2086681511069657	-1.125400433562485e-09	4.708518893225262e-09	-0.2390136811772679
Inhibitory	epilepsyFocal	0.11256066144184378	0.11292516807823275	0.04719837943809342	1.0032383128503317	0.41931505051148976	0.9937986441541842	-3.0332535839526684e-09	5.39996674409377e-09	-0.5617170859932237
Inhibitory	epilepsy	0.11256066144184378	0.16338447675340084	0.015858446724749127	1.4515237798048652	0.14088800227015938	0.000769879849693398	1.3739647793647133e-08	1.5457826488885314e-08	0.8888473294435276
Inhibitory	GSCAN_AgeSmk	0.11256066144184378	0.15571472247301132	0.01295246742828059	1.3833849275438361	0.11507099605107318	0.0011031893146304995	2.0053103865475626e-09	1.118230785139154e-09	1.7932884814095147
Inhibitory	GSCAN_CigDay	0.11256066144184378	0.17121573408103413	0.029688621753723374	1.521097441040673	0.2637566390729008	0.05593868123208993	4.6809853792731925e-09	4.325349787872241e-09	1.082221232696165
Inhibitory	GSCAN_DrnkWk	0.11256066144184378	0.15126732667665616	0.01152723123997045	1.343873825357812	0.10240905741235515	0.0009756397653352847	8.249816559870929e-10	8.590207507841069e-10	0.9603745372088587
Inhibitory	GSCAN_SmkCes	0.11256066144184378	0.1399961742274992	0.011509793919663244	1.2437397971389001	0.10225414254170813	0.021961615208362036	8.131738451059058e-10	1.4274503804343893e-09	0.5696687298219415
Inhibitory	GSCAN_SmkInit	0.11256066144184378	0.13487166146307886	0.007147917558946692	1.1982131211334646	0.06350280344292197	0.002208581315058025	1.01838920829777e-09	7.946648216171333e-10	1.2815330194500876
Inhibitory	Height	0.11256066144184378	0.13579070699483037	0.009527743065920614	1.206378012135161	0.08464540758623093	0.014056222078861999	-2.6074590003857628e-08	8.812183237632377e-09	-2.9589250814152663
Inhibitory	Insomnia	0.11256066144184378	0.15093083085465892	0.012142952957544568	1.3408843633407368	0.10787918978086687	0.001653985843026841	1.4579270894958638e-09	1.1674363411253299e-09	1.2488279130410833
Inhibitory	Intelligence	0.11256066144184378	0.13781143539372112	0.007338149068670511	1.2243303622102786	0.06519283890724008	0.0006706071495624095	1.1136067467417472e-09	2.3618525004038817e-09	0.4714971601957862
Inhibitory	mdd2019edinburgh	0.11256066144184378	0.14651199633374654	0.010458281333691363	1.3016270023381504	0.09291240118640202	0.0014787678533719657	2.671075981172445e-09	1.273655007005307e-09	2.09717385515002
Inhibitory	Depression_ex23andMe	0.11256066144184378	0.1611944797321997	0.015161210146046513	1.432067630621408	0.13469368384868446	0.0013117957498521532	5.442947090860515e-09	2.1995645593910564e-09	2.4745566424144334
Inhibitory	Depression	0.11256066144184378	0.13606829720231067	0.008643707578504982	1.208844150872483	0.07679154926582311	0.007165041578442293	1.3625785173653422e-09	9.321540656459873e-10	1.4617524801772641
Inhibitory	STROKE1	0.11256066144184378	0.15470445234989003	0.023631745972546876	1.3744095882896041	0.20994675821762637	0.0696683555734457	1.2411769568693546e-09	1.8371733730321299e-09	0.6755905431074675
Inhibitory	STROKE2	0.11256066144184378	0.1345059410273555	0.022214326343177507	1.1949640247703244	0.19735426265822795	0.32306142424991513	-1.60080945375124e-10	1.9152607645785062e-09	-0.08358180167197922
Inhibitory	OUD_MVP1	0.11256066144184378	0.11521423886280407	0.03383052141646185	1.0235746431032773	0.3005536835259352	0.9377564596779022	-3.739076073967413e-09	1.0660816762828713e-08	-0.35073073265873267
Inhibitory	OUD_MVP12	0.11256066144184378	0.10466409146382136	0.030360683922206144	0.9298460947468552	0.26972730555508034	0.7922311008347402	-5.972615826428642e-09	6.896846697113255e-09	-0.8659922554068863
Inhibitory	OUD_MVP2	0.11256066144184378	-0.023776929203616938	0.13139170919894017	-0.2112365803385196	1.1672968825509766	0.11836674070557557	-5.1982694274540343e-08	2.8319146745582587e-08	-1.835602419153005
Inhibitory	Type_2_Diabetes	0.11256066144184378	0.1753445244205378	0.027460755526542355	1.5577780209752257	0.24396405613457045	0.018252897564884654	4.7129162113381005e-09	4.3732105457783305e-09	1.0776787812989486
Inhibitory	Parkinson Disease	0.11256066144184378	0.20238490406642315	0.03183023786068939	1.7980074163919912	0.28278296745026665	0.0029096355460728448	3.844053278660906e-09	3.1274082477240145e-09	1.2291498180509157
Inhibitory	PTSD	0.11256066144184378	0.12436175950584433	0.05831475437360651	1.1048421172444671	0.5180740200583819	0.8400134366925455	1.8644912087037546e-10	3.4821916945842203e-09	0.053543611961499954
Inhibitory	Schizophrenia	0.11256066144184378	0.1619092765856643	0.00878631425923993	1.4384179562530135	0.07805848105982849	2.5683026070819516e-08	1.734687176569271e-08	6.616286435375005e-09	2.621844131920432
Inhibitory	Schizophrenia_PGC3	0.11256066144184378	0.15551248598845735	0.008020966538321217	1.3815882387010074	0.07125905654406069	2.1493853664659793e-07	1.1326475468466541e-08	5.3102738669973635e-09	2.13293621989236
Inhibitory	Cigarettes Per Day	0.11256066144184378	0.1866784461106077	0.03786164482063526	1.6584696973112407	0.33636658078983545	0.06299283547185798	5.633604818283574e-09	4.728437070072063e-09	1.1914306428948023
Inhibitory	STROKEall	0.11256066144184378	0.14198435263460502	0.018074052703411805	1.2614029698818308	0.16057166395339678	0.10853426708669763	-4.260218829530057e-10	1.0317365224975153e-09	-0.41291732304071044
Inhibitory	Education Years	0.11256066144184378	0.13601733754675288	0.006905004155935315	1.2083914202745545	0.06134473685109689	0.0007738491780419273	1.4082122656908764e-09	1.6728174255305479e-09	0.8418206578905347
Inhibitory	Neuroticism	0.11256066144184378	0.13449863263594578	0.008117563566323855	1.1948990963013895	0.07211723405266166	0.007485823289883644	1.461680447640419e-09	1.5966303341963382e-09	0.9154783147572815
MSN_1	ADHD	0.12158659079551476	0.14939069009713826	0.01174335929808781	1.2286773493664662	0.09658432908804787	0.01847878273889242	2.2510796536576677e-09	3.276206695886606e-09	0.6870993995842748
MSN_1	Drinks Per Week	0.12158659079551476	0.16431772855262128	0.010003876036269762	1.3514461379131195	0.08227779042751808	2.5448358229569314e-05	1.0898693107136622e-09	7.75274599485032e-10	1.4057848811731952
MSN_1	Alzheimer Disease	0.12158659079551476	0.27749606930114645	0.08985003736280936	2.282291718893915	0.7389798231444767	0.082663422261438	1.4834767514107869e-09	1.8277864644485444e-09	0.8116247604768
MSN_1	Alzheimer Disease2	0.12158659079551476	0.307184929585358	0.08458784942092182	2.5264704567791023	0.6957004787080698	0.04855157526488961	2.6389512155147653e-09	1.909906847926395e-09	1.3817172383982501
MSN_1	Alzheimer Disease3	0.12158659079551476	0.2605080733078321	0.05627563799440606	2.1425723971976196	0.46284411485022103	0.00842231881134543	2.546499551797131e-09	1.9138486095122416e-09	1.3305647788129518
MSN_1	Anorexia	0.12158659079551476	0.1497252773073266	0.015153657418906698	1.2314291923780945	0.12463263687023048	0.06780894584371257	6.239279845807402e-09	6.162964212451695e-09	1.0123829428055933
MSN_1	AUD_NatMed2023	0.12158659079551476	0.14984113024955814	0.009703085529282127	1.2323820354627928	0.07980391148231838	0.004428225171511133	9.348053233587007e-10	1.4488238592918606e-09	0.6452166820441542
MSN_1	Autism	0.12158659079551476	0.1729551660487587	0.02051373625031477	1.4224855300008865	0.16871709385136824	0.012199307674117268	1.0293466816327165e-08	6.184329459147738e-09	1.664443475129106
MSN_1	BMI	0.12158659079551476	0.16662803624671352	0.008557852146270625	1.3704474741540356	0.07038483512267636	2.570849192327344e-07	4.84393732060051e-09	2.79609761740588e-09	1.7323920632980412
MSN_1	Bipolar Disorder2	0.12158659079551476	0.19700189409240026	0.010034868997652347	1.6202600369289037	0.0825326948637705	3.889559677808847e-12	1.2226660397107604e-08	3.031532111352043e-09	4.033162093623543
MSN_1	Bipolar Disorder	0.12158659079551476	0.2254750145757176	0.01507146986957071	1.8544398119931103	0.12395667787838563	2.6201161150114746e-11	3.350558528670653e-08	7.268643210861356e-09	4.609606540686982
MSN_1	Alcohol Use Disorder	0.12158659079551476	0.16962217853608078	0.01824191593914295	1.3950730703631014	0.15003230059984443	0.01058825724309852	4.696038002354895e-09	2.820689279579348e-09	1.6648547701983039
MSN_1	epilepsyAll	0.12158659079551476	0.1809390200244475	0.025285914803426512	1.488149464843143	0.20796631139985292	0.015236568441168585	3.909524735365033e-09	4.208035502272486e-09	0.9290617280328917
MSN_1	epilepsyFocal	0.12158659079551476	0.17157639154920126	0.0498707749715471	1.4111456734382801	0.41016673504251916	0.2912087034382594	2.5513775479435988e-09	5.255488308794311e-09	0.48546917013862095
MSN_1	epilepsy	0.12158659079551476	0.20244422569340587	0.01936811450282142	1.665020989311873	0.1592948233526414	7.6106340364883634e-06	3.671064227564368e-08	1.654901197218237e-08	2.218298127849051
MSN_1	GSCAN_AgeSmk	0.12158659079551476	0.15435330460136715	0.013412217039513445	1.2694928247553194	0.11031000171778986	0.01551276058229843	8.489388651053612e-10	1.0668969504083948e-09	0.7957083997478839
MSN_1	GSCAN_CigDay	0.12158659079551476	0.17326296727338397	0.013713694433580777	1.4250170692324036	0.11278953002839409	0.00015401821026055234	2.7616617497432496e-09	1.8789942665167207e-09	1.4697552828954703
MSN_1	GSCAN_DrnkWk	0.12158659079551476	0.1722913877845289	0.01130074808769233	1.417026225155781	0.0929440328390983	1.0893610497002729e-05	1.5472236760681912e-09	8.023291937442174e-10	1.9284150298056413
MSN_1	GSCAN_SmkCes	0.12158659079551476	0.14671009663892934	0.009591058966783273	1.2066305641028086	0.0788825388065497	0.008577071080316282	-2.8122867553052026e-10	1.2024796318264828e-09	-0.23387396184279105
MSN_1	GSCAN_SmkInit	0.12158659079551476	0.14540811224218186	0.007633764855067017	1.1959222747410552	0.06278459495509287	0.0018804877893415972	7.890219313667726e-10	8.255851180694608e-10	0.9557123960904393
MSN_1	Height	0.12158659079551476	0.16178973216949966	0.010839118080393386	1.3306544012044785	0.08914731476123626	0.0002544794956567017	-1.315110955204978e-08	9.293013287922073e-09	-1.4151609542129884
MSN_1	Insomnia	0.12158659079551476	0.1620182536864212	0.011718561569695446	1.3325338972527383	0.09638037791028956	0.0005462608648607486	1.3983699978604448e-09	9.97404386159202e-10	1.4020090720126852
MSN_1	Intelligence	0.12158659079551476	0.176480095452129	0.008745078190610855	1.4514766332163598	0.0719246927921385	4.01855862380726e-09	9.046378821725128e-09	2.598837874175826e-09	3.4809323473454543
MSN_1	mdd2019edinburgh	0.12158659079551476	0.1620939258145459	0.011041762105063534	1.3331562695688761	0.0908139790154463	0.0003913379286410701	2.869297796477824e-09	1.188527024165471e-09	2.4141628571655853
MSN_1	Depression_ex23andMe	0.12158659079551476	0.15819189718210275	0.012354617258364453	1.301063679367004	0.10161167590546676	0.0035848151171604167	3.1863496902635517e-09	1.6370187336886822e-09	1.9464344693745645
MSN_1	Depression	0.12158659079551476	0.15772481843736086	0.010064904135846806	1.2972221476513282	0.0827797215958957	0.0004609495823154749	2.2055997625306946e-09	9.822702595173987e-10	2.2454103045065548
MSN_1	STROKE1	0.12158659079551476	0.14742607612859918	0.02365869826113477	1.2125192026852818	0.19458312060845712	0.27149269374924206	-5.784253780259086e-10	1.849176402926211e-09	-0.31280162190615507
MSN_1	STROKE2	0.12158659079551476	0.1279474142566704	0.021572528133272796	1.0523151724177653	0.1774252242136934	0.7679967071115691	-2.013886540694442e-09	1.8544535556485602e-09	-1.085973026695793
MSN_1	OUD_MVP1	0.12158659079551476	0.17299325988496697	0.03578434546527047	1.4227988362294681	0.2943116114296917	0.14003094316794315	9.615001515424506e-09	1.0232081461517933e-08	0.9396916503827479
MSN_1	OUD_MVP12	0.12158659079551476	0.17585218342546569	0.035603919043222784	1.446312313511736	0.29282767787363756	0.10887352281606462	6.6422766558809106e-09	7.304528417159319e-09	0.9093368218374385
MSN_1	OUD_MVP2	0.12158659079551476	0.26996940921690704	0.13004888366764836	2.2203880168903134	1.0695988991612204	0.16637661385648447	3.572898029063984e-08	2.9256565409284016e-08	1.22122948441863
MSN_1	Type_2_Diabetes	0.12158659079551476	0.15454640342725984	0.030953768388666106	1.2710809836520307	0.2545820899010516	0.2959493210596714	-8.839725219678904e-10	4.733048933636219e-09	-0.1867659798921133
MSN_1	Parkinson Disease	0.12158659079551476	0.1790262278723654	0.032005147977372465	1.4724175314155576	0.26322925717358886	0.0705275394486886	-2.0466306644782727e-11	3.117422009993287e-09	-0.006565138303115657
MSN_1	PTSD	0.12158659079551476	0.09801128179456037	0.058364044634963676	0.8061027219637771	0.4800204056475336	0.6795704854481969	-1.9317254172193325e-09	3.14385761889724e-09	-0.6144443074037548
MSN_1	Schizophrenia	0.12158659079551476	0.19243372673873135	0.01011531685856324	1.5826887280881807	0.08319434562957075	8.696396664620174e-12	2.8124025440002255e-08	7.052291157731204e-09	3.98792744244128
MSN_1	Schizophrenia_PGC3	0.12158659079551476	0.19178525022433496	0.010028934933377474	1.577355273879509	0.08248388961118427	2.142661017541896e-11	2.483357364590597e-08	6.0158698827757296e-09	4.128010434036803
MSN_1	Cigarettes Per Day	0.12158659079551476	0.16678883955989826	0.01636696502297572	1.3717700156623767	0.1346115958667005	0.0038780247998507333	1.4337786401009885e-09	1.8506687394079138e-09	0.774735429183128
MSN_1	STROKEall	0.12158659079551476	0.1778245053477926	0.01915620568215633	1.462533854961516	0.1575519599391793	0.003937730864374713	9.113486417661454e-10	9.867661244435232e-10	0.923571066325459
MSN_1	Education Years	0.12158659079551476	0.16066551433130696	0.006818361107311275	1.321408169109005	0.056078232498338945	6.145585278957845e-08	3.914638961347512e-09	1.521011084370476e-09	2.5737083717359783
MSN_1	Neuroticism	0.12158659079551476	0.1650398672715707	0.008946004957592407	1.3573854336382865	0.0735772333039411	2.675091679840065e-06	4.783408770853892e-09	1.6244958319192604e-09	2.944549734672162
Excitatory	ADHD	0.1167172356919183	0.1475644070835792	0.009982308374004092	1.264289770133725	0.08552557225012555	0.0025127407978273552	4.391996976819008e-09	2.9233156063486104e-09	1.5024026031540485
Excitatory	Drinks Per Week	0.1167172356919183	0.14627835956452095	0.00947365642203914	1.2532712816351383	0.08116758733941735	0.0018750839144241033	2.527018402960719e-10	7.743133796468696e-10	0.326356029662458
Excitatory	Alzheimer Disease	0.1167172356919183	0.23284470734388477	0.03522856958210175	1.994947069844007	0.30182834071815695	0.0007414556249073202	5.018035978080861e-11	7.566144101682217e-10	0.06632223640791056
Excitatory	Alzheimer Disease2	0.1167172356919183	0.20336358039623362	0.020404300748145747	1.742361179055193	0.17481823166206611	0.00012889700815179025	-4.383939572031896e-10	6.829640712060475e-10	-0.6418990041877737
Excitatory	Alzheimer Disease3	0.1167172356919183	0.2265941837197599	0.02675194043700116	1.9413943654206134	0.22920299884084308	6.586732150899314e-06	6.837742636465793e-10	9.321281707127932e-10	0.7335624918660069
Excitatory	Anorexia	0.1167172356919183	0.14043460369593858	0.015017675519683976	1.2032036473741	0.12866716240028142	0.12367324855195916	6.427204581901086e-09	5.9242060233100664e-09	1.0849056492316207
Excitatory	AUD_NatMed2023	0.1167172356919183	0.15918316502791102	0.009804313890546429	1.3638359757601175	0.08400056626105733	2.65245436747183e-05	3.28874254562441e-09	1.5845555834608913e-09	2.075498379451818
Excitatory	Autism	0.1167172356919183	0.14559928438746386	0.019880370022617805	1.2474531591185156	0.17032934257536014	0.1502970140670131	4.096136644241681e-09	6.569268309472186e-09	0.6235301180095639
Excitatory	BMI	0.1167172356919183	0.1521844232151032	0.008667863870490955	1.3038727512087633	0.07426378648454517	0.0001046809275402087	2.468097506022092e-09	3.890803456917017e-09	0.6343413470640215
Excitatory	Bipolar Disorder2	0.1167172356919183	0.16564819924161892	0.010432310268208558	1.419226545759331	0.08938106018673392	7.077076757345978e-06	4.3283996045477265e-09	3.4506006762572155e-09	1.254390180333077
Excitatory	Bipolar Disorder	0.1167172356919183	0.1631987400501578	0.014252975732178815	1.3982402777335305	0.12211543263242067	0.0018108577196692083	3.182801112634643e-09	7.684782535151559e-09	0.414169314235757
Excitatory	Alcohol Use Disorder	0.1167172356919183	0.15815640689337407	0.016569964434119105	1.3550390047862064	0.1419667312705765	0.016277594758606545	4.149496440451589e-09	2.682442637314911e-09	1.5469096646201463
Excitatory	epilepsyAll	0.1167172356919183	0.22560950197364804	0.029239637320109854	1.9329578929469937	0.2505168765073354	2.249639156494179e-05	1.2193014354059896e-08	4.465063020486e-09	2.730759744737656
Excitatory	epilepsyFocal	0.1167172356919183	0.29296606709358847	0.08356867174110953	2.510049739927776	0.7159925545331945	0.002134148226549478	1.5193702179516134e-08	6.348694459350091e-09	2.393201039489227
Excitatory	epilepsy	0.1167172356919183	0.20528155102104798	0.019794696148234373	1.758793804566278	0.16959531324476862	1.4694869119580476e-06	4.5171390870236554e-08	1.769663481447598e-08	2.5525412793897977
Excitatory	GSCAN_AgeSmk	0.1167172356919183	0.16851390896048596	0.012082904833128358	1.4437791296333293	0.10352288384400966	2.5781707565653942e-05	2.528229087755259e-09	9.965007165138584e-10	2.5371071448899443
Excitatory	GSCAN_CigDay	0.1167172356919183	0.15207072584212217	0.010925770968844704	1.302898624531525	0.09360889078699473	0.0015245631041784552	3.3014713396080845e-10	1.7020487751060455e-09	0.19397043068888478
Excitatory	GSCAN_DrnkWk	0.1167172356919183	0.15284755612610065	0.010196219028169562	1.3095542849348347	0.08735829775032587	0.0004283810837292953	6.18251146583834e-10	7.888165635432337e-10	0.7837704926057232
Excitatory	GSCAN_SmkCes	0.1167172356919183	0.14105138440659323	0.008772488773561928	1.2084880486623781	0.07516018282610296	0.00582356265648947	-4.6071785868777667e-10	1.1417554856560012e-09	-0.403517096677726
Excitatory	GSCAN_SmkInit	0.1167172356919183	0.1488752636407616	0.010976059625473714	1.2755208153980464	0.09403974965998715	0.00408301054217546	2.4771344071238588e-09	1.1998888742034643e-09	2.0644698524838665
Excitatory	Height	0.1167172356919183	0.15139841807409563	0.009250202057804606	1.297138483246127	0.0792530940522018	0.00017748601617423795	-2.6102519498348385e-08	8.419875378906701e-09	-3.1001075816086163
Excitatory	Insomnia	0.1167172356919183	0.16837918583113828	0.01357637708012683	1.4426248602698628	0.11631852827599892	0.0001358464765796465	2.4994074672463623e-09	1.1835881100026467e-09	2.1117206620475204
Excitatory	Intelligence	0.1167172356919183	0.16416900752392005	0.008406775476937078	1.4065532528310845	0.07202685556336541	9.494625672717212e-08	8.527606422559421e-09	2.6413429171778455e-09	3.22851166620606
Excitatory	mdd2019edinburgh	0.1167172356919183	0.142950990258481	0.009716888082080304	1.2247633300347187	0.08325152685871157	0.007875722029275348	1.7451032716230762e-09	1.130213642394016e-09	1.5440472545762254
Excitatory	Depression_ex23andMe	0.1167172356919183	0.1395871022988447	0.014323170545657501	1.1959424970215426	0.12271684178217102	0.11762165495548754	1.274549636815813e-09	2.0737069054625764e-09	0.6146238089184077
Excitatory	Depression	0.1167172356919183	0.13489095214217534	0.008245676641528667	1.1557072213244286	0.07064660666993171	0.03047862511498267	8.377344543714044e-10	8.72783035773136e-10	0.9598427329987177
Excitatory	STROKE1	0.1167172356919183	0.15456415163307627	0.02518101275236535	1.3242615858471583	0.21574373830127408	0.14597981962766893	5.947534994433001e-11	1.959503237563324e-09	0.030352259084954935
Excitatory	STROKE2	0.1167172356919183	0.14887178863516817	0.02188764388756212	1.275491042540826	0.1875270927880419	0.1460899641300673	1.3909292470667972e-10	1.885248245012287e-09	0.07377963357062994
Excitatory	OUD_MVP1	0.1167172356919183	0.12223331264082724	0.03661011243416318	1.0472601746966397	0.3136650060047483	0.8805883439282102	-2.3767489601748614e-09	1.11081413435958e-08	-0.21396459467497986
Excitatory	OUD_MVP12	0.1167172356919183	0.14839780418655663	0.035747584287109294	1.2714300789153452	0.3062751107425732	0.3770174502524182	3.1060438865890156e-09	7.96116319129304e-09	0.39014950604027704
Excitatory	OUD_MVP2	0.1167172356919183	0.3589232181110101	0.17385572785913583	3.075151805843038	1.4895463110353109	0.01843061078688397	6.588148892464908e-08	3.3779209601819726e-08	1.9503561421727276
Excitatory	Type_2_Diabetes	0.1167172356919183	0.15258853202268452	0.029020349690409473	1.3073350402630382	0.24863808261369655	0.20631030047515847	-2.6498154339245674e-10	4.388243330775003e-09	-0.06038442342841973
Excitatory	Parkinson Disease	0.1167172356919183	0.29896531636476975	0.04877163583385483	2.561449597332013	0.41786147131337403	0.00011199491611850485	1.3842302150673137e-08	5.224013336244458e-09	2.6497447957558937
Excitatory	PTSD	0.1167172356919183	0.2006248654528257	0.0617405235677937	1.718896650211853	0.528975204062931	0.1643393356712995	4.271043113310402e-09	3.2329133092682907e-09	1.3211127873630093
Excitatory	Schizophrenia	0.1167172356919183	0.15499624181782273	0.008651210425827935	1.327963611363655	0.07412110451847309	1.3242873717720885e-05	6.866561418567698e-09	6.5250400579812755e-09	1.0523401170799989
Excitatory	Schizophrenia_PGC3	0.1167172356919183	0.16093756606051646	0.008478540868783304	1.3788671836379007	0.07264172098080603	6.853225535898052e-07	1.1252937717673629e-08	5.321423517073667e-09	2.114648022576822
Excitatory	Cigarettes Per Day	0.1167172356919183	0.1622482593532249	0.012214828616891221	1.390096830098755	0.10465316921258268	0.0004671625365935876	1.4830807812923214e-09	1.564412458838378e-09	0.948011359097429
Excitatory	STROKEall	0.1167172356919183	0.1625435013247909	0.0194427707656047	1.3926263791393552	0.16658011689828728	0.020703680973324506	1.307097479458582e-10	1.039034540513207e-09	0.1257992327004809
Excitatory	Education Years	0.1167172356919183	0.1566825086882603	0.007182581271295316	1.3424110651646393	0.061538308620109394	9.679585765122332e-08	5.237131738464163e-09	1.676362156812128e-09	3.1241052043452298
Excitatory	Neuroticism	0.1167172356919183	0.1474058686899102	0.008038225929787793	1.2629314583751476	0.06886922811473313	0.0002147469480483964	3.027492246816922e-09	1.548399660414426e-09	1.9552395445544206
MSN_2	ADHD	0.11963898295616675	0.14783266437566622	0.011311445694679704	1.2356563113699242	0.09454648823639686	0.014170666971417193	3.4296030242428356e-09	3.237566657465995e-09	1.05931503103851
MSN_2	Drinks Per Week	0.11963898295616675	0.15741704310193777	0.010030876168515864	1.3157671455600064	0.08384287395849035	0.00023934641903494388	1.0544023556780195e-09	7.741855449551884e-10	1.361950455609515
MSN_2	Alzheimer Disease	0.11963898295616675	0.25578278087577333	0.05119555252725873	2.1379551593938815	0.42791698209283274	0.008103847219223154	1.185353331767614e-09	9.411447644317575e-10	1.2594803441140157
MSN_2	Alzheimer Disease2	0.11963898295616675	0.2573167528531926	0.05205837203622384	2.1507768328945773	0.43512884136851077	0.022210555849960772	1.5296270167714843e-09	1.059370695460265e-09	1.4439015760266118
MSN_2	Alzheimer Disease3	0.11963898295616675	0.23118877068221494	0.036232386197730664	1.9323866265807168	0.3028476613764383	0.0010372558399269094	1.7129820073558596e-09	1.184164619546459e-09	1.4465742170306863
MSN_2	Anorexia	0.11963898295616675	0.14586167847708842	0.01480052006626585	1.2191818659184785	0.12370984524073106	0.0813124045306891	6.877097308318515e-09	6.002485355770571e-09	1.145708302596211
MSN_2	AUD_NatMed2023	0.11963898295616675	0.1427914739339694	0.010315742302606146	1.1935196238360306	0.0862239217328153	0.027805493237924292	5.77751902864873e-10	1.5925474570998883e-09	0.3627847322785528
MSN_2	Autism	0.11963898295616675	0.1745368636715931	0.023805886108843464	1.4588628167755304	0.19898101371829155	0.017502468546610087	1.3372571948159427e-08	7.228357196984487e-09	1.8500153746882035
MSN_2	BMI	0.11963898295616675	0.16393543394091514	0.00866564474906054	1.370250982499389	0.0724316149714801	4.545943120500949e-07	6.223080255048418e-09	2.933212100836148e-09	2.121592316244179
MSN_2	Bipolar Disorder2	0.11963898295616675	0.18852994664196357	0.01058846891408302	1.5758237155111645	0.08850350155486039	1.3562992466893907e-09	1.16525248205309e-08	3.2247551027847218e-09	3.613460386640963
MSN_2	Bipolar Disorder	0.11963898295616675	0.21068825590186402	0.015516128181229162	1.761033491726153	0.12969124108079347	9.791689915988395e-09	2.9793524200139697e-08	7.582441253427154e-09	3.9292786062369367
MSN_2	Alcohol Use Disorder	0.11963898295616675	0.15873371841446007	0.01751043638364055	1.3267725493171136	0.14636062553336826	0.032922693065137926	3.6524874995341332e-09	2.7472153926983743e-09	1.3295235274386625
MSN_2	epilepsyAll	0.11963898295616675	0.17524919955176235	0.025043601226619305	1.4648168617077766	0.20932643029734516	0.02192667480560145	3.794853612366867e-09	4.30570588568421e-09	0.8813545822960538
MSN_2	epilepsyFocal	0.11963898295616675	0.16000467125795104	0.04778222786973468	1.337395782748951	0.399386777529203	0.40051419469848226	1.5074448997735312e-09	5.382187143448955e-09	0.28008035759372474
MSN_2	epilepsy	0.11963898295616675	0.17413922087105327	0.018131603075913216	1.4555391275338263	0.15155263466721597	0.0010392995624933748	1.683090425066879e-08	1.6289341778172233e-08	1.033246430695085
MSN_2	GSCAN_AgeSmk	0.11963898295616675	0.1486201700744283	0.014649010352251739	1.242238661698417	0.12244345438492095	0.04957743527881692	9.133342102197689e-10	1.167848978800968e-09	0.7820653413230624
MSN_2	GSCAN_CigDay	0.11963898295616675	0.15496878773852618	0.011521991387855712	1.2953034530166772	0.09630633012048533	0.001504439576129867	1.2723322860192785e-09	1.6559910531473018e-09	0.7683207488356542
MSN_2	GSCAN_DrnkWk	0.11963898295616675	0.1600345935908014	0.011532699564739068	1.3376458879580644	0.0963958341986609	0.0005674061767937798	1.083933212400687e-09	8.38040922379012e-10	1.293413225363317
MSN_2	GSCAN_SmkCes	0.11963898295616675	0.1456345578598347	0.008715719503335764	1.2172834828693937	0.07285016378423263	0.0024606002032949944	2.0548458449046995e-10	1.1002763181024518e-09	0.18675725461841336
MSN_2	GSCAN_SmkInit	0.11963898295616675	0.1402150402718963	0.008390017346198058	1.1719845555964663	0.07012778894377585	0.014553598024596454	7.886005901031773e-10	8.908756113969455e-10	0.8851971925312953
MSN_2	Height	0.11963898295616675	0.15949367912437212	0.011406829472481858	1.333124665417854	0.09534375159859963	0.0008581605348386575	-8.373318319404134e-09	9.892000145010324e-09	-0.8464737360146284
MSN_2	Insomnia	0.11963898295616675	0.1530820429906169	0.010956715677733998	1.2795331355056987	0.09158148462151598	0.0025231444538680523	1.1919370073011213e-09	9.882734930843489e-10	1.2060801140999435
MSN_2	Intelligence	0.11963898295616675	0.16913171694439771	0.008656999589249818	1.4136840080491497	0.0723593545794481	5.2926520598609454e-08	8.350769798061872e-09	2.545054783451492e-09	3.281174869932239
MSN_2	mdd2019edinburgh	0.11963898295616675	0.1565022306460332	0.01092112596505725	1.3081207042972973	0.09128400873366271	0.0010932563305892041	2.8004953024657453e-09	1.1872395797717649e-09	2.3588291278194355
MSN_2	Depression_ex23andMe	0.11963898295616675	0.15861165774311978	0.0122205936899024	1.325752307684125	0.10214558321997581	0.0019265288722014526	3.867792185401619e-09	1.67772289324563e-09	2.305382015691043
MSN_2	Depression	0.11963898295616675	0.15705656145809072	0.010396420922247244	1.312754067088927	0.08689827233031794	0.00046109559213694377	2.6509733162721723e-09	1.015617790561532e-09	2.610207640028103
MSN_2	STROKE1	0.11963898295616675	0.16222585429411904	0.021495165867596373	1.3559614958742607	0.1796669056896928	0.04793855106677602	8.113047197970838e-10	1.6755045343355247e-09	0.4842151740990858
MSN_2	STROKE2	0.11963898295616675	0.16026530107474743	0.018676584393759844	1.3395742517592726	0.15610784990208884	0.03091184127448854	1.0302308581833263e-09	1.6277353956588701e-09	0.6329228085418099
MSN_2	OUD_MVP1	0.11963898295616675	0.15582719668977557	0.034754862618950784	1.302478446735605	0.2904978106649757	0.309904568366842	6.4218081601160735e-09	1.0371779040380475e-08	0.619161682399329
MSN_2	OUD_MVP12	0.11963898295616675	0.17182410059085212	0.03316429299428326	1.4361882418693321	0.27720306688359236	0.11944479721990668	7.70434444855248e-09	7.003618060690679e-09	1.1000520562071738
MSN_2	OUD_MVP2	0.11963898295616675	0.2213652516402258	0.11254203754034908	1.8502769429369812	0.9406803264248924	0.32673763928084143	2.277279708984293e-08	2.9208975998171983e-08	0.7796506488713656
MSN_2	Type_2_Diabetes	0.11963898295616675	0.1625796995871839	0.030057934182923903	1.35891910454262	0.25123863008712227	0.16155580956891336	1.7346204593952453e-09	4.6965633049567115e-09	0.3693382473019244
MSN_2	Parkinson Disease	0.11963898295616675	0.14948630010031438	0.023713459815119752	1.2494781918622886	0.19820847042646522	0.20482725662369108	-2.0227794872093506e-09	2.478982704611537e-09	-0.8159716013534372
MSN_2	PTSD	0.11963898295616675	0.06296345871934267	0.0632667856443794	0.5262787860910785	0.5288141380101755	0.33161406088888246	-3.2483337020179675e-09	3.20475973398099e-09	-1.013596641138164
MSN_2	Schizophrenia	0.11963898295616675	0.18899114940908548	0.01083671990615471	1.5796786694377696	0.09057850241108335	2.199759183187823e-10	3.075251810836485e-08	7.61983626505106e-09	4.035850251719126
MSN_2	Schizophrenia_PGC3	0.11963898295616675	0.18658015337283226	0.010011806913762876	1.5595264082209006	0.08368348398139588	5.788782718348343e-11	2.6001856288627503e-08	6.1195128356798995e-09	4.249007557762334
MSN_2	Cigarettes Per Day	0.11963898295616675	0.1494165350194509	0.014179159049707877	1.248895061856168	0.11851621185130626	0.027764495295056535	2.6987873834029263e-10	1.6827683254514622e-09	0.16037783351305243
MSN_2	STROKEall	0.11963898295616675	0.15946728491445075	0.018059691011559627	1.332904049952316	0.1509515591433632	0.029482138552137042	7.951974760563874e-11	9.702168986387854e-10	0.08196079424838403
MSN_2	Education Years	0.11963898295616675	0.16287949510045666	0.007475403922212047	1.3614249392284816	0.062483011285300545	6.101849413932006e-08	5.544473923224064e-09	1.6708399653941974e-09	3.31837521130635
MSN_2	Neuroticism	0.11963898295616675	0.1676701133297931	0.00886363265912933	1.4014672240336912	0.07408649288147813	1.9218838257068634e-07	6.251588796799773e-09	1.628721384095304e-09	3.838341448603442
