cell	trait	Prop._SNPs	Prop._h2	Prop._h2_std_error	Enrichment	Enrichment_std_error	Enrichment_p	Coefficient	Coefficient_std_error	Coefficient_z-score
Inhibitory	ADHD	0.1348648811414022	0.14861780157121446	0.011604055665461282	1.1019755499980215	0.0860420857324209	0.238058540368355	1.069509195116478e-09	2.920690493057655e-09	0.36618368076270025
Inhibitory	Drinks Per Week	0.1348648811414022	0.1669902504126528	0.012053941642210209	1.238204112140714	0.08937791321353686	0.00829204809686748	6.665544516628032e-10	7.820617609830673e-10	0.8523041080859534
Inhibitory	Alzheimer Disease	0.1348648811414022	0.3147344370502681	0.11223103960073229	2.33370195700004	0.8321739406944724	0.10954966610245871	1.7974498329107995e-09	2.0353442093975863e-09	0.8831183563996785
Inhibitory	Alzheimer Disease2	0.1348648811414022	0.3019053839993301	0.1096123543256166	2.238576725417423	0.8127568377915301	0.1477630624646146	1.8475994965180727e-09	2.068728168226939e-09	0.8931088795980427
Inhibitory	Alzheimer Disease3	0.1348648811414022	0.2530254019617067	0.05480597370282561	1.876140028599561	0.40637691027483297	0.023819536292024754	1.5536486149153154e-09	1.5844890938304952e-09	0.980536010607291
Inhibitory	Anorexia	0.1348648811414022	0.13759858122385246	0.014548290727883741	1.0202699180047032	0.10787308456254265	0.8515095597807778	-1.2615922517816573e-10	5.3537883875453176e-09	-0.023564477346854764
Inhibitory	AUD_NatMed2023	0.1348648811414022	0.1594520546585251	0.011034066853298897	1.1823096814310312	0.08181571629259048	0.02516197638603348	1.1583110268401479e-09	1.3929427232904197e-09	0.8315568238900569
Inhibitory	Autism	0.1348648811414022	0.16401252377886869	0.02056230123594674	1.2161247790438934	0.15246594266737032	0.15673201062680153	3.911929055502661e-09	5.8983965368704e-09	0.6632190682755066
Inhibitory	BMI	0.1348648811414022	0.1763907315783306	0.010452509422628079	1.3079070702875546	0.07750356752747889	0.00013791306567271903	5.095739463528604e-09	3.6128293509051474e-09	1.4104567275650406
Inhibitory	Bipolar Disorder2	0.1348648811414022	0.1713503244226497	0.01035470155807413	1.2705333143251245	0.07677833895999585	0.000505251565040967	1.6298072114844382e-09	2.965939794630594e-09	0.5495078539473286
Inhibitory	Bipolar Disorder	0.1348648811414022	0.2039297611194155	0.015051651779850966	1.5121042586735434	0.11160542056956782	9.367982655582025e-06	1.7805330235269882e-08	7.260830913244275e-09	2.4522441643409825
Inhibitory	Alcohol Use Disorder	0.1348648811414022	0.15246129630858385	0.01792032104610746	1.1304744053326403	0.1328761119606704	0.3278537954235152	6.592332191546685e-10	2.5131187527572057e-09	0.26231678006915005
Inhibitory	epilepsyAll	0.1348648811414022	0.17190647885784416	0.026127416624651373	1.274657104228675	0.19373032032896303	0.15732462688451043	7.614826153949554e-10	4.192128053968072e-09	0.18164583848391072
Inhibitory	epilepsyFocal	0.1348648811414022	0.16261217861009566	0.052034390619968646	1.2057414594063312	0.3858260963090309	0.5942313408986609	5.506131644614606e-10	5.173037967574509e-09	0.10643903406717649
Inhibitory	epilepsy	0.1348648811414022	0.18149582162870517	0.016854294397173942	1.3457604388381263	0.12497170690049894	0.00593871208005913	1.1196100825616972e-08	1.4707173773720467e-08	0.7612680041642494
Inhibitory	GSCAN_AgeSmk	0.1348648811414022	0.17341351936003907	0.013897620623140353	1.2858315514935255	0.10304847715373043	0.007496758074323657	1.5633370975731706e-09	1.0179474162576857e-09	1.5357739236870598
Inhibitory	GSCAN_CigDay	0.1348648811414022	0.18635058048711772	0.017999044985811615	1.3817576444659019	0.13345983649323875	0.0070084402833113695	2.9472845439889844e-09	2.222178891853714e-09	1.3263039059516926
Inhibitory	GSCAN_DrnkWk	0.1348648811414022	0.17082994077381422	0.012364454861557319	1.2666747586771951	0.09168031556409056	0.0038937212063184356	6.728938797021566e-10	7.613290464747374e-10	0.8838410708456856
Inhibitory	GSCAN_SmkCes	0.1348648811414022	0.16738270591113957	0.01235504368500602	1.2411141024596561	0.09161053330149077	0.012503717463091915	1.238579144754287e-09	1.282441696168099e-09	0.9657976253073554
Inhibitory	GSCAN_SmkInit	0.1348648811414022	0.14988824933731043	0.007715280192470396	1.1113957026377879	0.057207481496840774	0.05533405117708801	6.169078780273111e-10	7.268029322679602e-10	0.848796627859321
Inhibitory	Height	0.1348648811414022	0.2029903389757874	0.013343374471912611	1.5051386043410182	0.09893883684902702	1.591285512021959e-06	1.6056400376640363e-08	1.1019822099983585e-08	1.457047149306002
Inhibitory	Insomnia	0.1348648811414022	0.17259761268871834	0.01168871669646115	1.2797817432379184	0.08666983278030584	0.0012926256947091179	1.5924196870567314e-09	9.478237403132002e-10	1.6800799761889589
Inhibitory	Intelligence	0.1348648811414022	0.1548158102687627	0.008247244916148278	1.1479327231708492	0.06115190883163471	0.01641901871732675	3.671501374847849e-10	2.2501294144250544e-09	0.16316845383695314
Inhibitory	mdd2019edinburgh	0.1348648811414022	0.14663411892903885	0.009947242436038381	1.087266882883298	0.07375709934159187	0.23669633994191913	4.77837615451819e-10	9.885764463366348e-10	0.48335929631192465
Inhibitory	Depression_ex23andMe	0.1348648811414022	0.15505821337444664	0.01379154989932871	1.1497301006914638	0.10226198089974693	0.14197338204481685	1.6730712942075624e-09	1.6855552761502396e-09	0.9925935493665979
Inhibitory	Depression	0.1348648811414022	0.1396302323265634	0.008343610167883327	1.03533426304039	0.06186644067209222	0.5678106654080322	-1.4589838268763927e-10	7.539858493871709e-10	-0.193502812826293
Inhibitory	STROKE1	0.1348648811414022	0.14906504628100087	0.02470955804475357	1.105291792936889	0.1832171417468293	0.5642406244018819	-5.69629655784214e-10	1.7125843711575933e-09	-0.33261406875924143
Inhibitory	STROKE2	0.1348648811414022	0.14606299773614229	0.022149862994850913	1.0830321170342276	0.16423744126261736	0.6135168156890534	-6.424649693835015e-10	1.673658519035842e-09	-0.3838686100397658
Inhibitory	OUD_MVP1	0.1348648811414022	0.14609998271992392	0.03538020259625632	1.083306354355824	0.2623381439024229	0.7519055257448213	1.7390911862414638e-10	9.615808850092683e-09	0.018085750386195556
Inhibitory	OUD_MVP12	0.1348648811414022	0.12728543044961949	0.03359863492062244	0.9437996709919179	0.24912812465533693	0.819391122917019	-4.407418179603535e-09	6.56068848320513e-09	-0.6717920216584272
Inhibitory	OUD_MVP2	0.1348648811414022	0.043959782178844664	0.12423717207667377	0.32595425737819783	0.921197357126756	0.37660262091798224	-3.7103376359814413e-08	2.643345571418718e-08	-1.4036521278563117
Inhibitory	Type_2_Diabetes	0.1348648811414022	0.17164682440045645	0.028880611150341	1.2727318108892216	0.2141447862921442	0.20121247360741035	1.5439980939002226e-09	4.075185442408317e-09	0.37887799603734457
Inhibitory	Parkinson Disease	0.1348648811414022	0.19273289935328627	0.02950853062832052	1.429081445978594	0.21880070169921864	0.041472207924496615	6.457324201362719e-10	2.5244336878390595e-09	0.25579298170791936
Inhibitory	PTSD	0.1348648811414022	0.17971443635905887	0.06309880611170757	1.332551772100204	0.46786684255888805	0.46628200644138107	2.7522402677108796e-09	3.1920367659866755e-09	0.8622207291087224
Inhibitory	Schizophrenia	0.1348648811414022	0.16575971600093853	0.008716993858915579	1.2290799101891021	0.06463501680453079	0.00041596327022806203	5.352175647503051e-09	5.579622350841883e-09	0.9592361831971454
Inhibitory	Schizophrenia_PGC3	0.1348648811414022	0.16091963136859858	0.008294926200468506	1.1931915114349056	0.06150545739013776	0.0018490750425494823	2.2889928708307765e-09	4.515982164870264e-09	0.5068649049672532
Inhibitory	Cigarettes Per Day	0.1348648811414022	0.1948581826752858	0.01814831120613305	1.44484005788714	0.13456661995723732	0.0028622133235908453	3.166275516674843e-09	1.8879844186413784e-09	1.677066550662183
Inhibitory	STROKEall	0.1348648811414022	0.1680397093736193	0.020068590295418985	1.2459856706315873	0.1488051605842266	0.09789420249058506	-4.3898441142164026e-11	9.420842982163333e-10	-0.046597147649395924
Inhibitory	Education Years	0.1348648811414022	0.13987515226080363	0.006537299415246558	1.037150302413779	0.04847295574592452	0.44413353944292944	-2.1011440611937407e-09	1.3590326513442818e-09	-1.5460585579863753
Inhibitory	Neuroticism	0.1348648811414022	0.13797964364578424	0.007394152987878943	1.02309543061189	0.05482637826319198	0.6742941171286565	-1.4498816769084255e-09	1.2799829334418303e-09	-1.1327351631242015
MSN_3	ADHD	0.143003063665975	0.15534532348300661	0.011168719549468105	1.0863076601341948	0.07810126065240028	0.26989412321735107	8.448484584825914e-10	2.6691373215426453e-09	0.31652491299859603
MSN_3	Drinks Per Week	0.143003063665975	0.19845578378157597	0.011457117231331446	1.3877729518098074	0.0801179844516678	4.0291574565546365e-06	2.484478703397554e-09	7.505215716696256e-10	3.31033616778067
MSN_3	Alzheimer Disease	0.143003063665975	0.38011247592061287	0.12387408796463358	2.6580722550705307	0.8662338049902015	0.0554594981541886	3.152358237846385e-09	2.2733988509651705e-09	1.3866278838436346
MSN_3	Alzheimer Disease2	0.143003063665975	0.3526058415959706	0.11954605750820707	2.465722289835576	0.8359685061534167	0.10226748335839293	2.863512008405538e-09	2.3579858872119676e-09	1.214388951153263
MSN_3	Alzheimer Disease3	0.143003063665975	0.2661524456392165	0.06434324994979604	1.8611660394975345	0.4499431571626206	0.04821859450104214	1.9261953643780654e-09	1.9868027998159824e-09	0.9694949919319973
MSN_3	Anorexia	0.143003063665975	0.16580000424616378	0.015285311027440941	1.1594157495355317	0.10688799691134032	0.1404829250867848	6.832396137533787e-09	5.423329756687863e-09	1.2598157301993875
MSN_3	AUD_NatMed2023	0.143003063665975	0.15409135710629596	0.010514126796112532	1.0775388523578828	0.0735237870194957	0.29114817212744687	-4.3174385452271095e-10	1.3730160329286201e-09	-0.3144492447053284
MSN_3	Autism	0.143003063665975	0.16159749155663686	0.02016245881806133	1.1300281785157729	0.14099319483921394	0.36794693431182135	1.954471452826296e-09	5.4232486636807086e-09	0.36038757837443774
MSN_3	BMI	0.143003063665975	0.1709543452975192	0.007386778471737801	1.1954593203459787	0.05165468684637244	0.00016993323841995727	1.8455906762348138e-09	2.1880639515441787e-09	0.8434811399969951
MSN_3	Bipolar Disorder2	0.143003063665975	0.1885033372005975	0.009814378547277111	1.318176914313539	0.06863054745597219	4.733729083717233e-06	4.851592062402579e-09	2.595764299186254e-09	1.8690418324666476
MSN_3	Bipolar Disorder	0.143003063665975	0.19599683813328578	0.013981601679874677	1.370577896086849	0.09777134364430645	0.00012621174080380124	1.0795001384497334e-08	6.241726635625546e-09	1.729489613159814
MSN_3	Alcohol Use Disorder	0.143003063665975	0.15411612917004477	0.017118278102526457	1.0777120798616422	0.11970567387640829	0.5157008908807222	1.3562253058924558e-11	2.260754909109422e-09	0.005998993081592878
MSN_3	epilepsyAll	0.143003063665975	0.16051574045036548	0.02398404203218767	1.1224636475292333	0.16771698044322556	0.45625611184887516	-3.0782635063877426e-09	3.73339440959919e-09	-0.8245213788484296
MSN_3	epilepsyFocal	0.143003063665975	0.14893367823111942	0.04926273983969061	1.0414719406221749	0.3444873038157978	0.9043584377731348	-2.2397237499868046e-09	4.793735502212738e-09	-0.4672188836770347
MSN_3	epilepsy	0.143003063665975	0.18527152518678175	0.01636711269537598	1.2955773144800375	0.1144528814683726	0.005847359069559786	7.4034183027030496e-09	1.2687979152536715e-08	0.5834986181564524
MSN_3	GSCAN_AgeSmk	0.143003063665975	0.15046519780357137	0.013244456407175354	1.0521816382551519	0.09261659203408125	0.5729616028254227	-5.97539546612791e-10	9.068159887047633e-10	-0.6589424470407469
MSN_3	GSCAN_CigDay	0.143003063665975	0.1754253868475676	0.012547993075932877	1.2267246753350982	0.08774632343012134	0.013702585665338404	1.1224339056633372e-09	1.5070544846739359e-09	0.7447865469218158
MSN_3	GSCAN_DrnkWk	0.143003063665975	0.20261808581920313	0.013023364379169521	1.4168793354838622	0.0910705270594017	1.041544569369205e-05	2.5661180890316236e-09	8.090420262800506e-10	3.1717982572927053
MSN_3	GSCAN_SmkCes	0.143003063665975	0.19103373118697425	0.010351709820616105	1.3358715980602258	0.07238802830683065	5.752864002749728e-06	2.9002360478497278e-09	1.1041408315101465e-09	2.626690332503183
MSN_3	GSCAN_SmkInit	0.143003063665975	0.15671982137310106	0.008627460647363326	1.095919327568852	0.060330600101794	0.11096351414642737	5.616859890776353e-10	7.710982796279366e-10	0.7284233461766443
MSN_3	Height	0.143003063665975	0.17779134057189297	0.01317898000701359	1.2432694518152145	0.09215872491932695	0.009622876691342375	-1.8192940849900355e-09	9.837356384228606e-09	-0.1849372955428101
MSN_3	Insomnia	0.143003063665975	0.16686322868830394	0.011619008822581262	1.1668507262058472	0.08125006922733359	0.04055462751113983	5.855569349981135e-10	8.754553286447523e-10	0.6688598673613471
MSN_3	Intelligence	0.143003063665975	0.18449043757706096	0.009024494531588803	1.2901152803830251	0.06310700134836354	8.808831246268542e-06	6.363543268954485e-09	2.299078326551292e-09	2.7678671037276277
MSN_3	mdd2019edinburgh	0.143003063665975	0.17097360970349176	0.010668743748729987	1.1955940335855324	0.07460500128619567	0.010036729486706355	1.8560759723391823e-09	9.933201293767316e-10	1.8685576960005785
MSN_3	Depression_ex23andMe	0.143003063665975	0.16907202716639036	0.014901723182766419	1.1822965384944966	0.10420562189893848	0.08529719573636446	1.924564950576762e-09	1.7486063334823016e-09	1.100627919346514
MSN_3	Depression	0.143003063665975	0.16128620336708874	0.009524747696665534	1.127851384665571	0.06660520028377388	0.055484606519435216	9.478996485805152e-10	7.966285069310969e-10	1.189889189670314
MSN_3	STROKE1	0.143003063665975	0.16765697712245597	0.023159422671459453	1.1724012956398424	0.16195053502878076	0.2887003244161174	3.9366335032228967e-10	1.5652223458966107e-09	0.25150634435696506
MSN_3	STROKE2	0.143003063665975	0.16992989506846115	0.022234163333442268	1.1882954862098727	0.15548032862692077	0.22292413236713365	7.529142000874767e-10	1.6251233123165128e-09	0.4632966584020286
MSN_3	OUD_MVP1	0.143003063665975	0.11905956969470259	0.03456605676004138	0.8325665663555337	0.24171549807338671	0.47547113831023147	-9.35905691596903e-09	8.464509863005653e-09	-1.1056820852525693
MSN_3	OUD_MVP12	0.143003063665975	0.10543602472137723	0.03280511722419215	0.7372990621211692	0.22940149940296375	0.22848480267000962	-9.431792883529967e-09	5.661057454456755e-09	-1.666083229044892
MSN_3	OUD_MVP2	0.143003063665975	0.25503704287137974	0.13714444106748713	1.7834376154841862	0.9590314889185004	0.3418409209567037	2.2400609708730752e-08	2.9283554539718822e-08	0.7649552815846734
MSN_3	Type_2_Diabetes	0.143003063665975	0.20349572945004626	0.031409407514693274	1.423016572046102	0.21964150074476044	0.05400753353434652	6.059599019099507e-09	4.125414005390843e-09	1.4688462809262748
MSN_3	Parkinson Disease	0.143003063665975	0.23266760248913337	0.030871306942281337	1.6270113137757372	0.21587864029535897	0.002195282809634016	3.942727343451368e-09	2.5335177267935987e-09	1.5562264679478894
MSN_3	PTSD	0.143003063665975	0.056606729811635115	0.06373259539115173	0.39584277679432445	0.4456729370499196	0.1406666039339805	-3.6952086294257534e-09	2.773064994333753e-09	-1.3325358897019113
MSN_3	Schizophrenia	0.143003063665975	0.16882651866458087	0.010011068992427772	1.1805797326057574	0.07000597564686807	0.010316887578770941	1.6936055837213624e-09	6.225971417281953e-09	0.2720227046048234
MSN_3	Schizophrenia_PGC3	0.143003063665975	0.1682292030426858	0.00933357807509213	1.1764027897726284	0.06526837842364971	0.006882194958848331	1.7688412439006864e-09	5.091144708581461e-09	0.3474348786274308
MSN_3	Cigarettes Per Day	0.143003063665975	0.1666134374409412	0.013589049454487254	1.1651039716891314	0.09502628199790465	0.09338441129796457	-2.1802682123304293e-10	1.3560632430843831e-09	-0.16077924266801757
MSN_3	STROKEall	0.143003063665975	0.17331262260901337	0.022008756207422923	1.2119504167675392	0.1539040887881307	0.17276992430899538	1.440990877376465e-10	1.0109638671030514e-09	0.14253633826752576
MSN_3	Education Years	0.143003063665975	0.17168702270426706	0.007096687218184474	1.200582828807722	0.0496261201421589	9.530953138308081e-05	2.663916067459836e-09	1.3606600756479144e-09	1.9578115909598814
MSN_3	Neuroticism	0.143003063665975	0.1807211554691531	0.009358190363095814	1.2637572289449657	0.06544048863844325	9.256982047327823e-05	4.5195039211987274e-09	1.4905895180698554e-09	3.0320244885734695
D1_islands	ADHD	0.12925137544561385	0.1561281328691969	0.011114517692866664	1.2079417517293052	0.08599148484530758	0.017159005617915887	3.1320060244829486e-09	2.898656501468991e-09	1.0805026476561468
D1_islands	Drinks Per Week	0.12925137544561385	0.16078703039674172	0.01142786256176024	1.2439869969847817	0.08841579072068624	0.006219583113564554	3.7608779769514757e-10	8.002227984743978e-10	0.46997885890298097
D1_islands	Alzheimer Disease	0.12925137544561385	0.19700649387979444	0.062315391261333834	1.5242119722175835	0.48212555608396435	0.2791272783593107	-7.646245630779057e-10	1.0885505616175138e-09	-0.7024244808084288
D1_islands	Alzheimer Disease2	0.12925137544561385	0.20176295161871705	0.05370750202406786	1.561012027323566	0.41552750861569593	0.1922530881440493	-4.186004344264481e-10	8.36031470556278e-10	-0.5006993745677062
D1_islands	Alzheimer Disease3	0.12925137544561385	0.17707055242388267	0.029713562861348186	1.3699703528369034	0.2298897227120883	0.10170619207532278	-1.319304732570653e-09	9.046009230375968e-10	-1.4584384107640584
D1_islands	Anorexia	0.12925137544561385	0.14346821429769574	0.015968824457090643	1.1099937142105232	0.12354858431514312	0.37872299758662775	1.612303631538201e-09	5.935818733778145e-09	0.2716227876641999
D1_islands	AUD_NatMed2023	0.12925137544561385	0.16625868439045974	0.010077582056780889	1.2863204265119619	0.07796885736834046	0.00020641941236689115	2.3735315705224414e-09	1.4315413319914346e-09	1.6580251771149301
D1_islands	Autism	0.12925137544561385	0.12593955371776797	0.020767136867329113	0.974376893735731	0.16067246321929834	0.8729726249988781	-7.192345954883781e-09	6.317044206047124e-09	-1.1385619160300882
D1_islands	BMI	0.12925137544561385	0.1593661372845946	0.007642050590433915	1.2329937436654388	0.05912548755544596	8.50175616301652e-05	-4.989260293259188e-10	2.500600336137544e-09	-0.19952249950368545
D1_islands	Bipolar Disorder2	0.12925137544561385	0.1742852186150811	0.010493459226613575	1.3484206107223708	0.08118644146289176	2.6762485231745096e-05	2.048991075157921e-09	3.0560236311147655e-09	0.6704761881734852
D1_islands	Bipolar Disorder	0.12925137544561385	0.1829606246650205	0.014425578788522147	1.415541026424174	0.11160870620361107	0.00026129483894061795	6.4576526070392805e-09	6.917425550147127e-09	0.9335340959183771
D1_islands	Alcohol Use Disorder	0.12925137544561385	0.158301247673804	0.01676429004006078	1.2247548401557529	0.1297029914170223	0.08886614323540512	1.8054361451228676e-09	2.4633263561787146e-09	0.7329260861413375
D1_islands	epilepsyAll	0.12925137544561385	0.17956916624891678	0.02691072609040486	1.3893017821266864	0.20820456260234	0.05302957762768192	2.4674057109782598e-09	4.385297976064513e-09	0.5626540600993727
D1_islands	epilepsyFocal	0.12925137544561385	0.19585507041445407	0.04961778283767118	1.5153035682538296	0.3838859173962853	0.16629060223451525	4.0977090063112685e-09	4.992369455539006e-09	0.820794422929754
D1_islands	epilepsy	0.12925137544561385	0.16945056433856187	0.017547207986123546	1.311015559829481	0.1357603191890753	0.016668051814386707	-6.626241445123269e-10	1.4795684908210435e-08	-0.04478495917040129
D1_islands	GSCAN_AgeSmk	0.12925137544561385	0.16598087933166533	0.013945700873466848	1.284171087227667	0.10789595720267513	0.00954634203889579	1.141180308973409e-09	1.0464955981180813e-09	1.0904778873657948
D1_islands	GSCAN_CigDay	0.12925137544561385	0.16637544888232458	0.01204659233368263	1.287223817222214	0.09320281731741858	0.001371489174956067	3.290274477163882e-10	1.7591143644350012e-09	0.1870415331535687
D1_islands	GSCAN_DrnkWk	0.12925137544561385	0.1606514463266867	0.011843525473060442	1.242938001803202	0.09163171712663079	0.007685990840415486	2.713678433155872e-10	7.720770124379626e-10	0.35147768803360396
D1_islands	GSCAN_SmkCes	0.12925137544561385	0.17161888331069394	0.012638814668431819	1.32779154356394	0.09778475954207508	0.001535062556505841	1.7189480671098703e-09	1.4251876628077672e-09	1.2061205074729349
D1_islands	GSCAN_SmkInit	0.12925137544561385	0.15868353489954898	0.008352122828478829	1.227712543502638	0.06461921816834529	0.0004611574799518002	1.6450439016014642e-09	8.289449247355349e-10	1.984503255299254
D1_islands	Height	0.12925137544561385	0.17567792013729372	0.011932131094657095	1.3591957496128553	0.0923172465555531	0.00010873692900462923	-4.89670591898454e-09	1.0134619472770052e-08	-0.4831662335365557
D1_islands	Insomnia	0.12925137544561385	0.15741427275680336	0.01238735195729958	1.2178924380038016	0.09583922735516193	0.022750063335634587	4.1144009223308497e-10	1.0671679069258516e-09	0.385543914470127
D1_islands	Intelligence	0.12925137544561385	0.16698094396579918	0.007428064815260156	1.291908448866458	0.0574699092342404	4.3743965948924105e-07	3.8999829927730575e-09	2.0040352557332266e-09	1.9460650612886303
D1_islands	mdd2019edinburgh	0.12925137544561385	0.15513133461126838	0.00919636480148967	1.2002296615910617	0.07115100144802172	0.0050931401472798276	1.3995423916471548e-09	9.66808641719539e-10	1.4475898655166834
D1_islands	Depression_ex23andMe	0.12925137544561385	0.15275444939217056	0.013476260843110375	1.1818400296749358	0.10426396467077359	0.08497432602561371	1.4079103894417054e-09	1.777811604150625e-09	0.7919345256576581
D1_islands	Depression	0.12925137544561385	0.14694661363508765	0.008497640305084554	1.1369056083810851	0.06574506674136071	0.037711873862921415	5.045119361841866e-10	7.952579747797421e-10	0.6344003482944239
D1_islands	STROKE1	0.12925137544561385	0.13791658305966145	0.020931462345701247	1.0670415118150425	0.16194382669845356	0.6816240772982881	-1.460914489509638e-09	1.4939052683009033e-09	-0.9779164184695678
D1_islands	STROKE2	0.12925137544561385	0.13714933759237863	0.018926359195873797	1.0611054398418225	0.14643062118776132	0.6785930957915903	-1.3992363657647234e-09	1.5135741203741658e-09	-0.9244584371056918
D1_islands	OUD_MVP1	0.12925137544561385	0.13054958961363394	0.036101756681185516	1.0100441033106557	0.2793142940005025	0.9713393586402299	-2.7919000039224374e-09	1.024204211812247e-08	-0.27259212291095686
D1_islands	OUD_MVP12	0.12925137544561385	0.12056000181030516	0.03999194605396612	0.9327560453005327	0.30941215067219036	0.8259818507291279	-5.527322821920783e-09	8.127664571359631e-09	-0.6800628610336645
D1_islands	OUD_MVP2	0.12925137544561385	0.27930533281490555	0.13506434657412053	2.160946696713731	1.0449741529516847	0.15938579325712063	3.7086280854511026e-08	2.9637246884545937e-08	1.2513402813352854
D1_islands	Type_2_Diabetes	0.12925137544561385	0.16689696087953362	0.02703746105568058	1.2912586833535107	0.2091850934851935	0.15859909799882727	6.636641267077905e-10	3.913838817378562e-09	0.16956858922266607
D1_islands	Parkinson Disease	0.12925137544561385	0.14879513670048386	0.0275974583577648	1.1512073754533745	0.21351771509292142	0.4744344489293697	-3.4090674860862974e-09	2.6794151689284244e-09	-1.2723177526272205
D1_islands	PTSD	0.12925137544561385	0.09292631237958854	0.059013078712182754	0.7189580154115257	0.45657602101893424	0.5128933190126737	-2.206382305770123e-09	2.8903825605388427e-09	-0.7633530370314703
D1_islands	Schizophrenia	0.12925137544561385	0.16376904387732708	0.008790083281795385	1.2670584224942156	0.06800765757029842	0.00011778477427181181	2.6821451204203174e-09	5.900851446735371e-09	0.45453527251634274
D1_islands	Schizophrenia_PGC3	0.12925137544561385	0.16318527697743634	0.009061810246986214	1.2625418987986021	0.070109971485752	0.0002265566239056755	2.6915895441475454e-09	5.15993008356985e-09	0.5216329486165041
D1_islands	Cigarettes Per Day	0.12925137544561385	0.16517903774855722	0.014228359713451653	1.2779673498953281	0.11008284952014794	0.007003633003389577	-9.586917175737013e-11	1.706010260628239e-09	-0.05619495613236597
D1_islands	STROKEall	0.12925137544561385	0.1525999166929307	0.018998247456318007	1.1806444315723463	0.14698681070757388	0.21643544541700963	-7.466851246285346e-10	9.667005539107757e-10	-0.7724058102665078
D1_islands	Education Years	0.12925137544561385	0.17414995995681906	0.007103404707209242	1.347374133206788	0.054958058919830986	2.6594170097926713e-09	5.139450709658076e-09	1.4894239627233857e-09	3.4506297993626207
D1_islands	Neuroticism	0.12925137544561385	0.15920604836181496	0.009262053238436272	1.2317551578304509	0.0716592237916535	0.0013427486501942122	2.319987043730426e-09	1.7005644143970652e-09	1.3642453200180464
WM	ADHD	0.12767131358180514	0.1027119097010804	0.009485216975274019	0.8045026468319992	0.0742940344950425	0.008797280289077508	-5.504405943575823e-09	2.454152431996415e-09	-2.2428948877874197
WM	Drinks Per Week	0.12767131358180514	0.1307821974706163	0.010856091364112476	1.0243663498207676	0.08503156315656185	0.7739551709910216	-8.862456941069358e-10	8.933880004853428e-10	-0.9920053701476549
WM	Alzheimer Disease	0.12767131358180514	0.3868168974544511	0.05222623788274026	3.029787088440967	0.4090679136725291	7.571657012561034e-07	2.6148015157869473e-09	1.0482943131570552e-09	2.4943391211502246
WM	Alzheimer Disease2	0.12767131358180514	0.3226326385754737	0.036013111138981965	2.5270566231681126	0.28207676516077074	6.472863231047408e-06	1.599937869689442e-09	1.0157801503493209e-09	1.5750828258843537
WM	Alzheimer Disease3	0.12767131358180514	0.3423954869580188	0.0406283707543722	2.681851367798684	0.31822630796650847	3.0211476065024793e-07	3.7301304523977265e-09	1.3544283575170784e-09	2.7540256608594316
WM	Anorexia	0.12767131358180514	0.08279339933398627	0.013188578400189326	0.6484886621060459	0.10330103161144943	0.0007742252589422713	-1.5612829092131543e-08	5.256519662378485e-09	-2.970183713736363
WM	AUD_NatMed2023	0.12767131358180514	0.11888945175392904	0.00959962026332026	0.9312150742284864	0.07519011118475978	0.359843191446072	-2.548480412554287e-09	1.4949937190619404e-09	-1.7046763341275941
WM	Autism	0.12767131358180514	0.1270600821993712	0.020285573196241812	0.9952124610824006	0.15888904584069993	0.9759644821698683	1.6707327259725391e-09	6.485357482233192e-09	0.2576161345846479
WM	BMI	0.12767131358180514	0.13089443284485008	0.00691898989233305	1.0252454460804128	0.054193770693051736	0.6401830032762121	-4.200251578344918e-09	2.106085998312567e-09	-1.9943400135180773
WM	Bipolar Disorder2	0.12767131358180514	0.13193949955624573	0.009604443132378486	1.0334310492678198	0.07522788685200187	0.6574507572433522	-6.208917658156113e-09	2.8875687803214045e-09	-2.150223295275073
WM	Bipolar Disorder	0.12767131358180514	0.12526500013536707	0.013509761996024817	0.9811522778380734	0.10581673844350684	0.8586347601804865	-1.4889907164380382e-08	6.914864215628838e-09	-2.153318807146858
WM	Alcohol Use Disorder	0.12767131358180514	0.09583083422336405	0.01719879988632244	0.7506058450785864	0.1347115448553942	0.05544638260610451	-5.326515378841922e-09	2.5700627396685065e-09	-2.072523482259017
WM	epilepsyAll	0.12767131358180514	0.21383936546934923	0.028558120331734573	1.6749210098189526	0.22368470669361457	0.003091069469449701	7.470198061140033e-09	5.073010732656105e-09	1.4725374052636429
WM	epilepsyFocal	0.12767131358180514	0.2188171497739355	0.06251439495853994	1.7139100682451178	0.4896510672969928	0.10326696366647511	4.0500908966671635e-09	5.96334431863055e-09	0.6791643548090889
WM	epilepsy	0.12767131358180514	0.18764586720855228	0.01860056977508436	1.4697574728744258	0.14569106601355739	0.003697145828683191	2.402178099033031e-08	2.0059693213309284e-08	1.1975148739758514
WM	GSCAN_AgeSmk	0.12767131358180514	0.12040539302428782	0.011219188168164366	0.9430888556428795	0.08787555993128944	0.5165479209235995	-1.1273819681198979e-09	8.940610962956518e-10	-1.260967480624043
WM	GSCAN_CigDay	0.12767131358180514	0.14211982328040954	0.01407395439802562	1.1131695859723927	0.1102358392279544	0.3097408696683053	-9.291992239555094e-10	1.5164531780446139e-09	-0.6127450800384504
WM	GSCAN_DrnkWk	0.12767131358180514	0.13066964479834814	0.011978212468592653	1.0234847682883894	0.09382070359069061	0.801972709416813	-9.89750786864203e-10	9.110057975641235e-10	-1.086437418412298
WM	GSCAN_SmkCes	0.12767131358180514	0.12575596821593865	0.008897130915671202	0.9849978408451227	0.06968778393566369	0.8293942805339998	-1.878446087433303e-09	1.0869851661350869e-09	-1.7281248594333216
WM	GSCAN_SmkInit	0.12767131358180514	0.09807948179447085	0.00750407608897452	0.76821863144399	0.058776524486577775	0.00010095696036334533	-1.8766138966010034e-09	7.665446607750892e-10	-2.4481468499219226
WM	Height	0.12767131358180514	0.17986994216379426	0.010577912103446791	1.408851660702488	0.08285269264241583	1.1551876607608119e-06	-1.6328976163936764e-08	9.172726574936667e-09	-1.7801660204887888
WM	Insomnia	0.12767131358180514	0.13612323305893517	0.012178229193488882	1.0662006150012273	0.09538735720523236	0.4881398804468682	4.622329479503783e-11	1.0424306098480396e-09	0.04434184334032175
WM	Intelligence	0.12767131358180514	0.12293359991192451	0.007500430917497403	0.9628913219660347	0.058747973268807305	0.528561181366112	-3.1885551967117425e-09	2.1955987161394515e-09	-1.452248615957573
WM	mdd2019edinburgh	0.12767131358180514	0.10209933327230789	0.008635880700121239	0.7997045726868623	0.06764151208162995	0.0030684787500269827	-1.3420346807598896e-09	9.123316495617126e-10	-1.4709943269036079
WM	Depression_ex23andMe	0.12767131358180514	0.09701865120453745	0.01309850390415128	0.7599095558954435	0.10259551293610245	0.015109760291157522	-2.795979396520706e-09	1.5980416893485982e-09	-1.7496285704914352
WM	Depression	0.12767131358180514	0.1055304393122649	0.007371497900954153	0.8265790987154407	0.05773809083769534	0.002762969260735618	-7.869390090381066e-10	6.991244486948031e-10	-1.1256064789426898
WM	STROKE1	0.12767131358180514	0.16318505510327821	0.0263366462817751	1.2781653961656603	0.20628476000522974	0.17679464096446393	-1.2887259326463773e-10	1.9004992996341864e-09	-0.06780986096098193
WM	STROKE2	0.12767131358180514	0.16557536211764565	0.023054468125081107	1.2968877461384742	0.18057672846225556	0.09947737985751356	5.810710227975279e-10	1.803325271304257e-09	0.3222219707359103
WM	OUD_MVP1	0.12767131358180514	0.12223193297036236	0.03815882722835592	0.9573954363056074	0.2988833290565756	0.8862966752351136	-4.126785787177856e-09	1.0670248928239705e-08	-0.3867562804702684
WM	OUD_MVP12	0.12767131358180514	0.09619659770544936	0.03634814755340912	0.753470728910544	0.28470097576084796	0.3759582888184967	-8.812861819517156e-09	7.1604764353481405e-09	-1.2307647262145731
WM	OUD_MVP2	0.12767131358180514	0.03134703730395816	0.12508127247489093	0.2455292142339603	0.9797132101624798	0.34960345211463173	-2.5695958026880508e-08	2.8853238908257534e-08	-0.8905744727163563
WM	Type_2_Diabetes	0.12767131358180514	0.1672374252832532	0.030660241123411272	1.309906043820064	0.24014980549068907	0.19054474259901152	3.4303723383732767e-10	4.405224955543724e-09	0.07787053721414043
WM	Parkinson Disease	0.12767131358180514	0.19798383332024372	0.032917918941751445	1.5507307614046437	0.2578333222886389	0.02857176517479008	1.414528343123662e-09	3.0131857516165184e-09	0.4694461144205244
WM	PTSD	0.12767131358180514	0.06588474848491616	0.06733335646120528	0.5160497423933892	0.5273961281683027	0.31481175646918746	-1.762054645966007e-09	3.2543139871535113e-09	-0.5414519474524472
WM	Schizophrenia	0.12767131358180514	0.12763687217272338	0.007901700517392385	0.9997302337689218	0.061890962783345896	0.9965210460941416	-1.003242468186228e-08	5.522218384885138e-09	-1.8167381263519071
WM	Schizophrenia_PGC3	0.12767131358180514	0.12748187058024185	0.009077979660326176	0.998516166269082	0.07110430217755595	0.9833368034646833	-7.561026741197144e-09	5.524436769427708e-09	-1.3686511506548409
WM	Cigarettes Per Day	0.12767131358180514	0.1497074055382398	0.01740735120376984	1.1726001819689518	0.1363450466311378	0.21467598537680285	1.7477263728186753e-10	1.7020305281248116e-09	0.10268478408223432
WM	STROKEall	0.12767131358180514	0.1949650959863235	0.02352262524506555	1.5270861598944856	0.18424362204116804	0.0045762811789778896	8.317088824327118e-10	1.1334195835855498e-09	0.7338049337400874
WM	Education Years	0.12767131358180514	0.12038801754771318	0.006525247315323196	0.9429527602578852	0.0511097374363753	0.2647924916908692	-1.9717960139497675e-09	1.3832866745807117e-09	-1.4254427879509783
WM	Neuroticism	0.12767131358180514	0.10703983896128684	0.007371697688580136	0.8384016421410223	0.057739655696866746	0.005630949914569094	-2.8736508824181774e-09	1.4017997294464411e-09	-2.0499724904020047
Excitatory	ADHD	0.15302913409959373	0.1575207467448867	0.010886339230671834	1.0293513563395695	0.07113899777794493	0.6803849630894016	-2.975452623565288e-10	2.5346612800968235e-09	-0.11739054235489904
Excitatory	Drinks Per Week	0.15302913409959373	0.1763665490287503	0.011986722844709334	1.1525030842425614	0.07832967830104945	0.05193543643262572	4.941186556420472e-10	7.188591100847832e-10	0.6873650882490314
Excitatory	Alzheimer Disease	0.15302913409959373	0.3159012770255528	0.03446215536106754	2.0643211430573696	0.22519996315629046	2.228422970942781e-07	1.3803555837892663e-09	6.234973189024902e-10	2.2138917713696578
Excitatory	Alzheimer Disease2	0.15302913409959373	0.2553826284580437	0.02445079539573	1.6688497256465997	0.15977869534187553	7.543117465850722e-07	3.1751517929175037e-10	6.29577178524352e-10	0.5043308272958132
Excitatory	Alzheimer Disease3	0.15302913409959373	0.28305211974884836	0.025977315194152688	1.849661643936596	0.16975404942987032	1.9479246307302512e-07	1.7318693212842295e-09	7.821685218663082e-10	2.214189490970398
Excitatory	Anorexia	0.15302913409959373	0.14141104489412287	0.01583233481941891	0.9240792331876515	0.1034596118743963	0.4565258889777227	-2.4785804482504386e-09	4.952351865294314e-09	-0.500485530040814
Excitatory	AUD_NatMed2023	0.15302913409959373	0.17484964144270002	0.012193941898104367	1.142590543111256	0.07968379334988826	0.07329281988876286	1.0242362983567915e-09	1.4892982518716213e-09	0.6877308135355829
Excitatory	Autism	0.15302913409959373	0.15141602248828556	0.0202004435693568	0.989458794099571	0.1320039068914161	0.9363250563549546	-2.665062538953292e-09	5.140701535426728e-09	-0.518423900043064
Excitatory	BMI	0.15302913409959373	0.1819009968485881	0.008893617435465401	1.1886690591231086	0.058117151925314414	0.001354992283695544	3.4398377375937347e-09	2.540780840240482e-09	1.353850628560375
Excitatory	Bipolar Disorder2	0.15302913409959373	0.1843222983058366	0.01085052360674829	1.2044915459423353	0.07090495329919727	0.005205753740240653	1.7888271526493915e-09	2.8362547770838862e-09	0.6307004459199487
Excitatory	Bipolar Disorder	0.15302913409959373	0.189187219052491	0.0172901688548657	1.2362823599940456	0.1129861248748424	0.041687043604736664	4.6930484947101436e-09	7.3351501269520415e-09	0.6398026507277821
Excitatory	Alcohol Use Disorder	0.15302913409959373	0.17830891925902817	0.019476756177469745	1.165195897553612	0.1272748244448274	0.20437001850832773	2.1048664296149975e-09	2.463434512544654e-09	0.8544438339628251
Excitatory	epilepsyAll	0.15302913409959373	0.23643316391357194	0.028028817022455414	1.5450205956187244	0.18316000536351348	0.003202632086658179	6.634572359993496e-09	3.903742168312306e-09	1.699541638238317
Excitatory	epilepsyFocal	0.15302913409959373	0.30985606315225656	0.07896824696302412	2.024817463520361	0.5160340704249844	0.013316008231495424	1.0397570753304642e-08	5.572651404666176e-09	1.8658211322169538
Excitatory	epilepsy	0.15302913409959373	0.20833263487187254	0.019166890137428477	1.361391973480595	0.1252499417852967	0.003346153775268339	2.1691954796017263e-08	1.4682402117567607e-08	1.4774118446233448
Excitatory	GSCAN_AgeSmk	0.15302913409959373	0.1811314431984269	0.01288516928176405	1.1836402542834996	0.08420075927096458	0.03197226850441092	9.625824083932033e-10	8.361453688522766e-10	1.1512141838619268
Excitatory	GSCAN_CigDay	0.15302913409959373	0.17915706237243223	0.012155425289060218	1.170738261224389	0.07943209873454082	0.03578561464089994	6.268921302049041e-10	1.447945247722673e-09	0.4329529249748079
Excitatory	GSCAN_DrnkWk	0.15302913409959373	0.1799970981860134	0.01254440207062842	1.1762276460956023	0.08197394662420508	0.03173058867797715	6.887738319970372e-10	7.097393104950127e-10	0.9704603110072162
Excitatory	GSCAN_SmkCes	0.15302913409959373	0.1749582160055531	0.011488938396168156	1.1433000456742282	0.07507680458213256	0.06299620327226534	1.4763501613485237e-10	1.0995372845331106e-09	0.13427013181962416
Excitatory	GSCAN_SmkInit	0.15302913409959373	0.1638557203995622	0.008471728398936344	1.07074853009965	0.05536023221187941	0.20222376192043348	9.021674619053296e-10	7.301848000460008e-10	1.235533062107694
Excitatory	Height	0.15302913409959373	0.18865668965111954	0.011989587348393217	1.2328155077211562	0.07834839698295755	0.004218603892558629	-6.126677033346954e-09	8.50695098618745e-09	-0.7201965831582556
Excitatory	Insomnia	0.15302913409959373	0.18352728730698556	0.0145022288154009	1.1992963848801703	0.09476776367278289	0.038232683007636284	1.3212052538160532e-09	1.037092949568766e-09	1.2739506660086968
Excitatory	Intelligence	0.15302913409959373	0.18074054533882583	0.009097348068468781	1.1810858527187187	0.05944847118162536	0.0028637001907490813	4.321941151218842e-09	2.2959955170397706e-09	1.882382225550303
Excitatory	mdd2019edinburgh	0.15302913409959373	0.16238978794257997	0.011114783130789691	1.061169096316615	0.07263181090442568	0.4017568911585815	5.660433010152903e-10	1.0645786898806484e-09	0.531706398405129
Excitatory	Depression_ex23andMe	0.15302913409959373	0.16845874685978024	0.016841206217965962	1.1008279426723062	0.11005228721352787	0.36606636167491013	1.3545800379635782e-09	1.9287409160968164e-09	0.7023131135232176
Excitatory	Depression	0.15302913409959373	0.1602070420732087	0.009718784647179218	1.0469054995040583	0.06350937489363354	0.46203907767279273	4.5400440972881626e-10	8.241237025588773e-10	0.550893522803855
Excitatory	STROKE1	0.15302913409959373	0.1922509591790141	0.026792692155154122	1.2563029929574991	0.17508229601375788	0.14882195910607376	7.862974049148436e-10	1.606185507336727e-09	0.48954333190232246
Excitatory	STROKE2	0.15302913409959373	0.181651983015124	0.023011742547020222	1.187041827583642	0.15037491182589993	0.2174564083457569	5.32212021507076e-10	1.522140025838616e-09	0.34964721541558325
Excitatory	OUD_MVP1	0.15302913409959373	0.15637014936327398	0.036823772450058835	1.021832543739716	0.2406324303324709	0.927873654977293	-7.078522002953719e-10	8.820156220918419e-09	-0.08025393003999029
Excitatory	OUD_MVP12	0.15302913409959373	0.19236763486030278	0.039799640456047856	1.2570654339265028	0.26007884505277035	0.3303696885384947	5.75211406162764e-09	7.0660208273637305e-09	0.8140528031494215
Excitatory	OUD_MVP2	0.15302913409959373	0.28432843611415615	0.13350900636238333	1.8580019928042644	0.8724417552770939	0.2486472567484003	2.8443312245548888e-08	2.939940996760497e-08	0.9674790166500076
Excitatory	Type_2_Diabetes	0.15302913409959373	0.17125660551250974	0.02973220981399039	1.1191111190700018	0.1942911719976159	0.5353271222770997	3.282928213390222e-10	3.6848599354895286e-09	0.08909234735822026
Excitatory	Parkinson Disease	0.15302913409959373	0.2995608749393115	0.047425832529333155	1.9575414622966671	0.309913748178616	0.0026238149930862256	8.887169440658066e-09	4.015513954816839e-09	2.2132084561672105
Excitatory	PTSD	0.15302913409959373	0.1945396032611807	0.0640088284970451	1.2712586031792568	0.41827870799678685	0.523977163563383	2.4664587950684354e-09	2.86746212791725e-09	0.8601539218444434
Excitatory	Schizophrenia	0.15302913409959373	0.18455201092400958	0.009271744630935868	1.2059926497649804	0.060588100988022794	0.0009100135360985944	8.756307102823079e-09	5.7273821199659885e-09	1.5288498164454718
Excitatory	Schizophrenia_PGC3	0.15302913409959373	0.1847725667491609	0.009268349484920382	1.2074339166613075	0.06056591471587624	0.0009424006925123506	8.536009058880965e-09	4.765540654067725e-09	1.7911942586398628
Excitatory	Cigarettes Per Day	0.15302913409959373	0.19011716625429712	0.014541121169304961	1.2423592891178872	0.09502191366933681	0.014963262768207801	1.5431780219731326e-09	1.4268547492519286e-09	1.081524256608593
Excitatory	STROKEall	0.15302913409959373	0.17860534911602502	0.021102058932276433	1.1671329787423739	0.137895695851895	0.22725267603202712	-3.1315197266839184e-10	8.616608413120933e-10	-0.3634283440240129
Excitatory	Education Years	0.15302913409959373	0.16696349701178656	0.007521922999590248	1.0910569284351053	0.0491535356574315	0.06557098888599021	9.173368848994465e-10	1.405926183231043e-09	0.6524786975595402
Excitatory	Neuroticism	0.15302913409959373	0.17261362078737127	0.008700907720600795	1.1279788113747782	0.056857851100027196	0.026463889090696482	2.026771828031966e-09	1.3741485573157218e-09	1.474929196877437
MSN_2	ADHD	0.14423721964134828	0.1454508800740979	0.012074631441055195	1.008414336020671	0.08371370074297922	0.9198947188583849	-5.87204143097002e-10	2.887533252304639e-09	-0.20335840033299504
MSN_2	Drinks Per Week	0.14423721964134828	0.17985862210472683	0.011136449683043517	1.2469640121457737	0.07720926478432372	0.0022728577459567452	1.2303467631628397e-09	7.030901465545034e-10	1.7499132496624505
MSN_2	Alzheimer Disease	0.14423721964134828	0.31255389354901186	0.07867763751049762	2.1669434167282886	0.5454738915942278	0.03247469349144507	1.2545993963652487e-09	1.2114366475072127e-09	1.035629390069099
MSN_2	Alzheimer Disease2	0.14423721964134828	0.3120885742548383	0.07631129191405184	2.1637173472343636	0.5290679625120546	0.048975782121510825	1.5636111734934846e-09	1.3103649513190525e-09	1.1932638856980315
MSN_2	Alzheimer Disease3	0.14423721964134828	0.25514881960647384	0.05096340401665137	1.7689527033376806	0.3533304659045283	0.02240841125947156	8.580130586274221e-10	1.4225453639368745e-09	0.6031533899579011
MSN_2	Anorexia	0.14423721964134828	0.16693869685106577	0.017676528677164193	1.157389869731028	0.12255178463033052	0.20874100931157516	9.631949282925381e-09	5.944779218996243e-09	1.620236669538033
MSN_2	AUD_NatMed2023	0.14423721964134828	0.1691042694660075	0.01165774688983812	1.172403835060688	0.0808234304489894	0.03792827952540934	1.7892086979869911e-09	1.4628406045531543e-09	1.2231057111882198
MSN_2	Autism	0.14423721964134828	0.15585744823930306	0.022997204947539755	1.0805633152583567	0.15944015701857844	0.6180659859384067	1.5480621867709594e-09	6.0330238104973996e-09	0.25659805686119574
MSN_2	BMI	0.14423721964134828	0.17153569221474638	0.007306697739107049	1.189260945553976	0.050657505443293005	0.0002063899584559873	2.4059417983887417e-09	2.082161958192326e-09	1.1555017557219767
MSN_2	Bipolar Disorder2	0.14423721964134828	0.19749422527946434	0.01166447333819004	1.3692320593154927	0.08087006507192962	1.895431032923346e-05	7.920794016008687e-09	3.0805486764194478e-09	2.5712283258627497
MSN_2	Bipolar Disorder	0.14423721964134828	0.2040836439145115	0.015618836252685992	1.4149166520401169	0.10828575517139657	0.0002198692969781764	1.5367721600461556e-08	6.820337078432779e-09	2.253220247582375
MSN_2	Alcohol Use Disorder	0.14423721964134828	0.16396132780958594	0.01947720490962925	1.1367477008866538	0.13503591484957983	0.31766971225530954	1.8246619058055994e-09	2.5992864357360476e-09	0.7019856991208837
MSN_2	epilepsyAll	0.14423721964134828	0.21336499738085568	0.028101602221944383	1.4792644915882076	0.1948290620952079	0.011388689155434272	5.1620642270033e-09	4.075147309167243e-09	1.266718436261429
MSN_2	epilepsyFocal	0.14423721964134828	0.17660552824308823	0.05393643251067006	1.2244102367074536	0.37394254163235535	0.5497611718943114	-3.499229665052741e-11	5.294888687812801e-09	-0.006608693537046184
MSN_2	epilepsy	0.14423721964134828	0.20315891947507347	0.01962313677050486	1.408505515984268	0.13604766383668923	0.001592274190540301	2.3196719929608372e-08	1.5190188767487897e-08	1.5270856922632283
MSN_2	GSCAN_AgeSmk	0.14423721964134828	0.14791497127057598	0.014732828075926548	1.0254979376222904	0.10214303986557925	0.8030753249689819	-5.213726079353593e-10	1.0111620086348123e-09	-0.5156172833661677
MSN_2	GSCAN_CigDay	0.14423721964134828	0.16540625733864006	0.013214592683939508	1.1467654309333573	0.0916170785654225	0.11579690706822632	1.5981707326612663e-10	1.6656552074155666e-09	0.09594847274190621
MSN_2	GSCAN_DrnkWk	0.14423721964134828	0.18640982584192387	0.011925996724626907	1.292383660094388	0.08268321279543091	0.0007750048074714294	1.6205909152384372e-09	7.293046142956616e-10	2.2221042942441143
MSN_2	GSCAN_SmkCes	0.14423721964134828	0.16820328734551254	0.010020374780715942	1.1661573050545266	0.0694714915167667	0.016967375593717724	5.752679952389659e-10	1.0855014409608948e-09	0.5299559940977453
MSN_2	GSCAN_SmkInit	0.14423721964134828	0.14246592012807946	0.00734631789072036	0.9877195392584991	0.05093219287634134	0.80942931695725	-2.6918316287436464e-11	6.686555269040793e-10	-0.04025737499257668
MSN_2	Height	0.14423721964134828	0.18081823368995573	0.010372670722579243	1.2536170215951723	0.0719139674792076	0.000459290959462031	-1.0732097845817001e-08	8.015011288498511e-09	-1.3389997168460002
MSN_2	Insomnia	0.14423721964134828	0.16707912419456172	0.012234801111972178	1.158363455771061	0.08482416079840217	0.06514612139052875	8.999930438485152e-10	9.007699724040057e-10	0.9991374839534037
MSN_2	Intelligence	0.14423721964134828	0.16817845633268058	0.00862248253578361	1.1659851510647747	0.059779872055380455	0.00633615988715173	3.054839688911966e-09	2.1636236103845705e-09	1.4119090188560974
MSN_2	mdd2019edinburgh	0.14423721964134828	0.16431333710200235	0.010782651354649434	1.1391881895018092	0.07475637274110618	0.06618547356535286	1.9066012629023826e-09	9.986647865093842e-10	1.909150386253723
MSN_2	Depression_ex23andMe	0.14423721964134828	0.16958840592674765	0.014121431595647634	1.1757603644082721	0.09790421384134518	0.0779460947545452	3.0446533623965365e-09	1.6287919700055123e-09	1.869270857460227
MSN_2	Depression	0.14423721964134828	0.1649613557465488	0.010366630465364008	1.1436809178430638	0.07187209023538485	0.04739848683706075	1.87570030910153e-09	8.606704288634169e-10	2.1793479201772277
MSN_2	STROKE1	0.14423721964134828	0.1519812487805944	0.021969489227442084	1.0536895342166326	0.15231498001743318	0.7250064538441011	-1.3334830765702229e-09	1.4695867455306767e-09	-0.9073864340608857
MSN_2	STROKE2	0.14423721964134828	0.1460995338454564	0.020699185573860777	1.0129114677108921	0.14350793522871658	0.9283214020263106	-1.6537932478188535e-09	1.5014928209599281e-09	-1.1014326706947273
MSN_2	OUD_MVP1	0.14423721964134828	0.14959044838307134	0.03825373109883705	1.037114059429557	0.2652140078265271	0.8889431666192968	-9.726745276784386e-10	9.621685851948755e-09	-0.10109190246337499
MSN_2	OUD_MVP12	0.14423721964134828	0.17728871800789336	0.03533973486354648	1.2291468072438514	0.24501120412207175	0.3556890610348047	4.4875021285598536e-09	6.3772933819789735e-09	0.7036687603616743
MSN_2	OUD_MVP2	0.14423721964134828	0.2521863310441088	0.12056540485984685	1.74841370120126	0.8358827573052062	0.33962071351645917	2.6008252768787254e-08	2.8589661857555596e-08	0.9097083028952953
MSN_2	Type_2_Diabetes	0.14423721964134828	0.21238656779330328	0.02946503610073181	1.4724810164908275	0.20428178090230678	0.016267768093443317	5.677528346492189e-09	3.772763964848446e-09	1.5048723957795378
MSN_2	Parkinson Disease	0.14423721964134828	0.20781338827101117	0.02986483343569378	1.440775056450392	0.207053585128401	0.03701699615619406	1.1336829503464248e-09	2.65925193172494e-09	0.42631649029622193
MSN_2	PTSD	0.14423721964134828	0.03165781065125406	0.0733492739594907	0.21948433788430263	0.5085322231104888	0.05799135265027453	-4.717421072895716e-09	2.756403313441602e-09	-1.7114407931129707
MSN_2	Schizophrenia	0.14423721964134828	0.19404791597188967	0.010652130406499817	1.3453387166946071	0.07385146797051949	3.2457265650640385e-06	2.0275467673849578e-08	6.361934022529211e-09	3.186997476246852
MSN_2	Schizophrenia_PGC3	0.14423721964134828	0.1907630531979945	0.010694207763853656	1.322564686648388	0.07414319126814313	2.303613455757404e-05	1.6642509650660916e-08	5.5531244697410526e-09	2.9969631945665665
MSN_2	Cigarettes Per Day	0.14423721964134828	0.16514280093475886	0.015018853560380557	1.1449388815549355	0.10412606120476772	0.17799835103920847	-2.7798134881744928e-11	1.5795187317303777e-09	-0.01759911694829463
MSN_2	STROKEall	0.14423721964134828	0.18150522091120475	0.020547815346562633	1.2583799199854577	0.14245848192065552	0.0770324278210793	-4.869237385683368e-11	9.387927416215108e-10	-0.05186701142653784
MSN_2	Education Years	0.14423721964134828	0.16751704280372032	0.006780303312284346	1.1613995556781964	0.047008000633566326	0.0008385301345576663	2.784242255263387e-09	1.2554124335060805e-09	2.2177908876429027
MSN_2	Neuroticism	0.14423721964134828	0.17832326680206995	0.009849171803622263	1.236319358106583	0.06828453729288896	0.0007345650171233232	4.871453059963213e-09	1.5856165204788168e-09	3.0722769326924997
MSN_1	ADHD	0.13703459344063798	0.1570055867028423	0.011738261712096333	1.1457368738854656	0.08565911290991811	0.09062327661235517	2.197590654185908e-09	2.901213958422401e-09	0.7574727978287049
MSN_1	Drinks Per Week	0.13703459344063798	0.17896260033771216	0.010649210208505972	1.3059665872999944	0.0777118386031415	0.00019948348747133744	1.1923930015706298e-09	7.626421229454317e-10	1.5635026779866807
MSN_1	Alzheimer Disease	0.13703459344063798	0.3139757073790869	0.08677800227935387	2.2912149370158716	0.6332561735000529	0.04220790773197462	1.4878770412153735e-09	1.5322935049783046e-09	0.9710130835779011
MSN_1	Alzheimer Disease2	0.13703459344063798	0.3080821973425683	0.08203609808887015	2.24820747526081	0.5986524718257172	0.05983376372351468	1.71625675669223e-09	1.5495361918079738e-09	1.107593850189281
MSN_1	Alzheimer Disease3	0.13703459344063798	0.26469492539596695	0.05263066127301788	1.9315920071717523	0.38406843083616665	0.010107404028939554	1.4155356830576887e-09	1.5763976251403235e-09	0.8979559855221708
MSN_1	Anorexia	0.13703459344063798	0.15225780648103418	0.01683825227612903	1.111090292299008	0.12287592390620106	0.36818433374569126	4.8413823878138665e-09	5.876566898148328e-09	0.8238453627302972
MSN_1	AUD_NatMed2023	0.13703459344063798	0.1648130936600253	0.010928632814884274	1.2027115892558962	0.07975090479338305	0.015110478161196868	1.3807899002403842e-09	1.5634673416230662e-09	0.8831587737592005
MSN_1	Autism	0.13703459344063798	0.1638024261417738	0.021363382156781192	1.1953363163932134	0.15589773078748612	0.21217675993511562	4.279738395930952e-09	5.994202106094473e-09	0.7139796623773532
MSN_1	BMI	0.13703459344063798	0.17059819906055695	0.008171824957641745	1.244927976047584	0.05963329953747554	4.638053147592407e-05	2.0835165088690297e-09	2.467202940293508e-09	0.8444852569043901
MSN_1	Bipolar Disorder2	0.13703459344063798	0.20508170948221466	0.010169821132568369	1.4965688906214327	0.07421353161436446	1.3253160360168272e-09	1.0449780310722445e-08	2.7734008112889447e-09	3.767857955542273
MSN_1	Bipolar Disorder	0.13703459344063798	0.22024330823571664	0.014845105635600849	1.6072095571336433	0.10833108095461749	6.658928150423676e-08	2.3405354907427916e-08	6.734211756714524e-09	3.475589386403091
MSN_1	Alcohol Use Disorder	0.13703459344063798	0.1625959045504297	0.020059184093091674	1.1865318126467432	0.146380440073193	0.211777738593972	1.908869391191541e-09	2.8479320670837198e-09	0.6702650717178875
MSN_1	epilepsyAll	0.13703459344063798	0.19678951044873366	0.029076122643964204	1.4360571700019742	0.21218089472100846	0.03665683331704953	3.420036298355703e-09	4.4957579057856684e-09	0.7607251925096765
MSN_1	epilepsyFocal	0.13703459344063798	0.20368608775819091	0.05431897247421882	1.4863844423811545	0.3963887592934645	0.18154665958778468	3.5965327460001498e-09	5.0952099426232804e-09	0.7058654670760174
MSN_1	epilepsy	0.13703459344063798	0.20634058050262047	0.020891913830500056	1.5057554105270883	0.15245722489445868	0.0003582128928969946	2.7597773385613096e-08	1.6251596012829514e-08	1.6981577294824801
MSN_1	GSCAN_AgeSmk	0.13703459344063798	0.15862296719526248	0.014021818827957656	1.157539590643412	0.10232320522796871	0.12365272408916156	3.2290034912674026e-10	1.0012539780935697e-09	0.32249594627484657
MSN_1	GSCAN_CigDay	0.13703459344063798	0.1845100878416899	0.027191092530292876	1.3464489747373012	0.19842502427733175	0.08914733937953939	2.4412759897768455e-09	3.3169749902019905e-09	0.7359946930525941
MSN_1	GSCAN_DrnkWk	0.13703459344063798	0.18837576621883934	0.010853407498618375	1.3746584821331398	0.07920195350760072	9.988469023845327e-06	1.731514086777745e-09	7.294682906723023e-10	2.373666009775317
MSN_1	GSCAN_SmkCes	0.13703459344063798	0.1664543472216957	0.011713414164597803	1.2146885180040474	0.08547778973542135	0.012751490075626332	4.401164690028371e-10	1.3180440710652373e-09	0.3339163527719805
MSN_1	GSCAN_SmkInit	0.13703459344063798	0.14338320238185664	0.006963779053829393	1.0463285129821531	0.05081767223139924	0.36251628045163065	-1.1422249264103495e-10	6.589355534252688e-10	-0.1733439515401549
MSN_1	Height	0.13703459344063798	0.17380682917141832	0.010369035136156278	1.2683427214071292	0.07566728134708584	0.0005167278148398202	-1.567518818317124e-08	8.162776262925432e-09	-1.9203255949040867
MSN_1	Insomnia	0.13703459344063798	0.16072835034073196	0.012081195588544515	1.172903471343956	0.08816164798400317	0.051879244527580304	4.2381004445459826e-10	9.552623481042528e-10	0.4436582738717403
MSN_1	Intelligence	0.13703459344063798	0.17759918488896825	0.008960979445323376	1.2960171620161185	0.06539209713644448	1.2816355205566536e-05	5.8825167228041075e-09	2.3616627888777485e-09	2.4908368588893475
MSN_1	mdd2019edinburgh	0.13703459344063798	0.16441583000625146	0.01161185933842736	1.1998125865748983	0.08473670076204153	0.020463729658490217	2.0774418950179805e-09	1.1377783410056819e-09	1.825875761689865
MSN_1	Depression_ex23andMe	0.13703459344063798	0.173141857018755	0.013469505368054718	1.2634901353851087	0.09829273783987671	0.00740908273249288	3.693306168558897e-09	1.615211986549661e-09	2.286576746157241
MSN_1	Depression	0.13703459344063798	0.16541071806757734	0.010768595323337059	1.2070727099959004	0.07858304281394396	0.009557877521134581	2.0376072506193733e-09	9.532660003962972e-10	2.1375012323656644
MSN_1	STROKE1	0.13703459344063798	0.13603590704178428	0.023847652551663004	0.9927121584865626	0.17402651369191363	0.9665768610203799	-2.39384089051018e-09	1.7048293123278149e-09	-1.404152822338309
MSN_1	STROKE2	0.13703459344063798	0.12955506057251268	0.021539452383105402	0.9454186517409171	0.15718259048534397	0.7276165329940427	-2.8110055889341784e-09	1.6847363911027397e-09	-1.6685136047273499
MSN_1	OUD_MVP1	0.13703459344063798	0.1821019898065136	0.0388628812038224	1.3288760540994224	0.28359905501275784	0.25227693571253673	8.988407711397606e-09	1.0340082985649287e-08	0.8692781019139176
MSN_1	OUD_MVP12	0.13703459344063798	0.15401714662919552	0.03511887463702613	1.1239289493416436	0.25627743882233117	0.6319055012516546	3.0032218797110265e-10	6.802365000218667e-09	0.04414967264494754
MSN_1	OUD_MVP2	0.13703459344063798	0.2687746881413281	0.12946741590520608	1.9613637797069001	0.9447790711422811	0.25375900715155847	2.9251778418764323e-08	2.8850555968772207e-08	1.013906922640465
MSN_1	Type_2_Diabetes	0.13703459344063798	0.1996569342011287	0.031995453288106886	1.456981986724528	0.23348449821881653	0.05691838848486324	3.878733050811904e-09	4.516715937866661e-09	0.8587507171513447
MSN_1	Parkinson Disease	0.13703459344063798	0.17847828916133385	0.03017721176122058	1.3024323616404851	0.22021601263985247	0.17685831646796807	-1.5232825175372014e-09	2.738799660018534e-09	-0.5561861788484715
MSN_1	PTSD	0.13703459344063798	0.02804708796842642	0.07278489277311583	0.20467158886107206	0.5311424724636813	0.07730477162795335	-5.362053454970478e-09	3.0000192201813275e-09	-1.7873397006591125
MSN_1	Schizophrenia	0.13703459344063798	0.19444439344010112	0.010625867389228463	1.4189438488342907	0.07754149607362817	1.0742936009457545e-07	2.14731971209093e-08	6.60387204412001e-09	3.251607084063465
MSN_1	Schizophrenia_PGC3	0.13703459344063798	0.19251169783765656	0.010364464969922582	1.4048401429457351	0.07563393089068685	3.0836410673999875e-07	1.831631973459258e-08	5.552876806150857e-09	3.298528019621074
MSN_1	Cigarettes Per Day	0.13703459344063798	0.195408647308995	0.035722417117503326	1.4259804214593745	0.2606817462699878	0.11632833498600872	3.0404291516646912e-09	3.667252959509005e-09	0.8290753829187073
MSN_1	STROKEall	0.13703459344063798	0.170964918942454	0.019604536879405474	1.2476040877701022	0.1430626850284922	0.08904574798983791	-4.197477674333746e-10	9.612349484827859e-10	-0.43667551631981844
MSN_1	Education Years	0.13703459344063798	0.16922573068853936	0.007252228110964677	1.2349124877131572	0.05292260829092232	2.0425522693710314e-05	3.374393515526493e-09	1.4548707653359474e-09	2.3193768105906676
MSN_1	Neuroticism	0.13703459344063798	0.17516555270764017	0.009474500608918546	1.2782579077999026	0.06913948055767981	9.736311979127677e-05	4.670405648642604e-09	1.6101432361532772e-09	2.9006150159661983
Endothelial_Ependymal	ADHD	0.11871231752080426	0.09142105739028594	0.0094609475555267	0.7701059106546754	0.0796964270693197	0.004368707125995895	-5.581456140042615e-09	2.807115637633067e-09	-1.9883242660957299
Endothelial_Ependymal	Drinks Per Week	0.11871231752080426	0.10729142376796207	0.012339633462082729	0.9037935237778448	0.10394568752244447	0.3452745824566108	-2.00500103863895e-09	9.231527097935089e-10	-2.1719061400875153
Endothelial_Ependymal	Alzheimer Disease	0.11871231752080426	0.28521664402638736	0.07376167104374319	2.4025867743370717	0.6213480840420499	0.02389198082334477	1.0820248216669508e-09	1.4375183330149638e-09	0.7527033198926776
Endothelial_Ependymal	Alzheimer Disease2	0.11871231752080426	0.30341820452336743	0.07681425578193248	2.555911727274582	0.647062220552394	0.03673925007327629	2.046729511924162e-09	1.7647026551330258e-09	1.1598155111121973
Endothelial_Ependymal	Alzheimer Disease3	0.11871231752080426	0.2103948104579566	0.039323545741096914	1.7723081719896931	0.33125076287223093	0.018602415916954038	-6.938957731665716e-10	1.3591684607012866e-09	-0.5105296313369014
Endothelial_Ependymal	Anorexia	0.11871231752080426	0.06922514318333102	0.01502791430697099	0.5831336177157804	0.12659102796419888	0.0005849601979838038	-1.6570759836896854e-08	5.563891482021019e-09	-2.978267978526015
Endothelial_Ependymal	AUD_NatMed2023	0.11871231752080426	0.10482677595594816	0.013585340374843529	0.8830320066624707	0.11443918085806645	0.29379361570895635	-3.3737691321150864e-09	1.904787399351078e-09	-1.771205087383747
Endothelial_Ependymal	Autism	0.11871231752080426	0.08626503143752426	0.021144478143698645	0.7266729623268147	0.1781152839509943	0.09853094865219018	-1.0347034120941901e-08	6.185881699008161e-09	-1.6726854188952458
Endothelial_Ependymal	BMI	0.11871231752080426	0.10049300941521223	0.006421335558158286	0.8465255460757128	0.05409156936922701	0.00549195378247389	-1.2133630864668263e-08	2.2769300851815825e-09	-5.3289430991468585
Endothelial_Ependymal	Bipolar Disorder2	0.11871231752080426	0.10423493297026559	0.00925936999818965	0.8780464836936444	0.07799839301904751	0.11730649043633606	-1.1780009763957357e-08	3.2322485797261674e-09	-3.644524693380899
Endothelial_Ependymal	Bipolar Disorder	0.11871231752080426	0.09337540012022981	0.013475862785341452	0.7865687577354037	0.1135169716738098	0.05795764022824758	-2.6730890045858795e-08	7.412046710007288e-09	-3.6064114396052576
Endothelial_Ependymal	Alcohol Use Disorder	0.11871231752080426	0.11327128178399282	0.020703747420015454	0.9541662074295036	0.17440268922714894	0.7911215231945594	-1.627927760834743e-09	3.102555604084532e-09	-0.5247054262916567
Endothelial_Ependymal	epilepsyAll	0.11871231752080426	0.167191985420501	0.026913632576925136	1.408379424411462	0.22671305841711445	0.05835845535074266	8.369048243058494e-10	4.814144603894899e-09	0.173842892801506
Endothelial_Ependymal	epilepsyFocal	0.11871231752080426	0.1918160847978419	0.056759622632207574	1.615806083174362	0.4781274918860925	0.1385738063302593	3.0514910982679104e-09	5.7046643960926306e-09	0.534911589252824
Endothelial_Ependymal	epilepsy	0.11871231752080426	0.14365289065588913	0.016353634568355997	1.210092546889366	0.13775853180096523	0.12264994720866164	-7.4295607771807934e-09	1.641129513515614e-08	-0.4527102045264697
Endothelial_Ependymal	GSCAN_AgeSmk	0.11871231752080426	0.11142589134874573	0.012481773573300554	0.9386211445936805	0.10514303683030307	0.5588855431270183	-1.0753805723248576e-09	1.0244366632316104e-09	-1.0497287054648585
Endothelial_Ependymal	GSCAN_CigDay	0.11871231752080426	0.08803329497755313	0.010139716784015781	0.7415683293532312	0.08541419286367484	0.0024545704705627018	-7.236526643692989e-09	1.889167278692524e-09	-3.830537785251778
Endothelial_Ependymal	GSCAN_DrnkWk	0.11871231752080426	0.09735218997914906	0.013201513327284212	0.8200681446732615	0.11120592709320712	0.09441912785279401	-2.719929278431265e-09	9.09383614642904e-10	-2.9909591888779796
Endothelial_Ependymal	GSCAN_SmkCes	0.11871231752080426	0.10037590369701237	0.008253618716677584	0.8455390796277021	0.06952622010122196	0.02809812277084598	-4.046112387829672e-09	1.1968603100180653e-09	-3.3806053671949408
Endothelial_Ependymal	GSCAN_SmkInit	0.11871231752080426	0.08024205118042817	0.007459523987330471	0.6759370287448545	0.06283698392143	3.1252162507358616e-07	-2.974847493020449e-09	7.628534284022827e-10	-3.8996318064021263
Endothelial_Ependymal	Height	0.11871231752080426	0.18360555555163274	0.012643953371224063	1.5466428369529217	0.10650919496208318	4.739940761909006e-07	3.154706743444372e-09	1.2195914270079125e-08	0.25866914719005357
Endothelial_Ependymal	Insomnia	0.11871231752080426	0.11936025125597136	0.011977263429031298	1.0054580160567883	0.10089318176213931	0.9569059860366962	-2.8734557617656126e-10	1.0622145549229464e-09	-0.2705155703664835
Endothelial_Ependymal	Intelligence	0.11871231752080426	0.09003233037912751	0.006560782498535406	0.7584076552405727	0.055266232144660414	2.7449571196662947e-05	-1.0183863217446036e-08	2.0531726095076403e-09	-4.960061891673186
Endothelial_Ependymal	mdd2019edinburgh	0.11871231752080426	0.08175375093993893	0.008747268884185396	0.6886711728596456	0.07368459370403954	2.8182984411044693e-05	-2.6747936855124795e-09	1.0022797152356262e-09	-2.668709787151246
Endothelial_Ependymal	Depression_ex23andMe	0.11871231752080426	0.0863462030614395	0.012498982763435777	0.7273567298212958	0.10528800232752038	0.008602038900308856	-3.0815695241249355e-09	1.6799534239616741e-09	-1.8343184282204466
Endothelial_Ependymal	Depression	0.11871231752080426	0.0867006679149884	0.00792192155138539	0.7303426445178628	0.06673209416535128	7.220907693557251e-05	-1.7549354640524291e-09	8.000549064528001e-10	-2.193518782146189
Endothelial_Ependymal	STROKE1	0.11871231752080426	0.17796959778649823	0.02621625498664606	1.499167074682955	0.22083854088731508	0.01681851741953507	2.227793639533439e-09	1.996448494042272e-09	1.1158783440602342
Endothelial_Ependymal	STROKE2	0.11871231752080426	0.16448876398249668	0.02219986778574258	1.3856082285115032	0.18700559680213527	0.03318973279798473	1.7865225873621528e-09	1.937521446680603e-09	0.9220659675395365
Endothelial_Ependymal	OUD_MVP1	0.11871231752080426	0.14215314316326286	0.03556449093361167	1.1974590853923024	0.29958551628291663	0.511805062218406	4.871595858970677e-09	1.1011945111875506e-08	0.44239194887713784
Endothelial_Ependymal	OUD_MVP12	0.11871231752080426	0.08852341952854342	0.03523321006819288	0.745697004129582	0.2967948971429884	0.3681890563390954	-1.0240400980571668e-08	7.501108582432342e-09	-1.3651850080606447
Endothelial_Ependymal	OUD_MVP2	0.11871231752080426	0.06129676727790051	0.1125108212214742	0.5163471538423828	0.9477602962452211	0.5814296286585634	-2.4745003139451245e-08	3.260152332064085e-08	-0.7590137091472826
Endothelial_Ependymal	Type_2_Diabetes	0.11871231752080426	0.1071840493162222	0.02620478290321043	0.9028890308492062	0.22074190320324644	0.6560713912203062	-6.6781334635206185e-09	4.2352910543751895e-09	-1.576782652663716
Endothelial_Ependymal	Parkinson Disease	0.11871231752080426	0.1483040824883931	0.034901896537745884	1.249272911064203	0.2940040028418226	0.3964271986107618	-2.501218053894375e-09	3.827834822712715e-09	-0.653428940834445
Endothelial_Ependymal	PTSD	0.11871231752080426	0.12646054701649184	0.05310356248545623	1.0652689599318934	0.44732984406735943	0.8838443524691135	2.2601703197785156e-09	3.1209344078273848e-09	0.7241966745952589
Endothelial_Ependymal	Schizophrenia	0.11871231752080426	0.08944106763562716	0.007869803807492793	0.7534270200727289	0.06629306858670007	0.00028119389017344424	-3.054607485724963e-08	6.110716761809723e-09	-4.998771183137482
Endothelial_Ependymal	Schizophrenia_PGC3	0.11871231752080426	0.09154693333750956	0.007679437360992822	0.7711662551063079	0.0646894738589111	0.0004295307304751522	-2.4099772583773305e-08	5.0006391277147885e-09	-4.8193384821964775
Endothelial_Ependymal	Cigarettes Per Day	0.11871231752080426	0.08708247367304298	0.013472559332380432	0.733558871494374	0.1134891442922035	0.013506691192945794	-6.105275681552713e-09	1.7181821415636513e-09	-3.5533343839766234
Endothelial_Ependymal	STROKEall	0.11871231752080426	0.1677929334277355	0.022953036907010827	1.4134416455843337	0.1933500868853674	0.02792283781062133	-1.5460361738660962e-10	1.2764882815432944e-09	-0.12111636246256127
Endothelial_Ependymal	Education Years	0.11871231752080426	0.10148147105595023	0.007079168431400923	0.854852075802207	0.0596329730498295	0.015296982568120792	-3.8627492179747e-09	1.5726176435088492e-09	-2.4562545345453923
Endothelial_Ependymal	Neuroticism	0.11871231752080426	0.1088673861437801	0.008930600034933784	0.9170689985451691	0.07522892503019918	0.268465847586319	-4.768309172633532e-10	1.6208522280920104e-09	-0.2941853112819888
